n 66
m 2
tmax 47.5
-0.500 0.000 0 0.0 0.0699 0.0543 0.032 0.0121 0.0081 0.0148 0.0367 0.0668 0.0804 0.0618 0.0308 0.0094 0.0082 0.0116 0.0226 0.0402 0.0593 0.0398 0.0125 0.007 0.0091 0.0146 0.0257 0.0474 0.0428 0.0204 0.0082 0.0046 0.0062 0.0167 0.0317 0.0656 0.058 0.0204 0.013 0.012 0.0125 0.0268 0.0341 0.0372 0.0685 0.038 0.0499 0.0461 0.0378 0.0493 0.0415 0.0377 0.1022 0.0954 0.1183 0.0842 0.0684 0.063 0.0525 0.0495 0.1395 0.155 0.1452 0.093 0.0755 0.082 0.073 0.0694 0.0065
-7.000 -7.000 35 0.0699 0.0 0.0006 0.0019 0.0033 0.0045 0.0074 0.0193 0.0411 0.0038 0.0048 0.0116 0.0202 0.0176 0.0156 0.0264 0.0557 0.0235 0.0279 0.0426 0.0528 0.0403 0.0314 0.0293 0.0409 0.0341 0.0557 0.07 0.0691 0.0633 0.0564 0.0566 0.0682 0.0529 0.0769 0.0789 0.0768 0.0817 0.0834 0.0787 0.0876 0.0946 0.1102 0.0922 0.0998 0.1061 0.1182 0.1045 0.0861 0.1252 0.1571 0.1303 0.1495 0.149 0.1403 0.1234 0.1108 0.1542 0.1934 0.1752 0.169 0.1635 0.1629 0.1529 0.1433 0.075
-7.000 -5.000 35 0.0543 0.0006 0.0 0.0012 0.0026 0.0036 0.0067 0.019 0.0411 0.005 0.0042 0.0086 0.0149 0.0122 0.0113 0.0237 0.0543 0.0271 0.0261 0.0401 0.0414 0.0271 0.0197 0.0203 0.035 0.0437 0.0596 0.068 0.0585 0.0447 0.0376 0.0394 0.0514 0.0719 0.0822 0.0767 0.0692 0.0665 0.0621 0.0566 0.073 0.1196 0.1117 0.0872 0.0972 0.0928 0.0998 0.0778 0.06 0.1575 0.1532 0.1229 0.1474 0.1364 0.1217 0.0993 0.0823 0.1919 0.191 0.1611 0.1673 0.1539 0.1464 0.129 0.1135 0.063
-7.000 -3.000 35 0.032 0.0019 0.0012 0.0 0.0015 0.0024 0.0059 0.0186 0.0412 0.0097 0.008 0.0064 0.0088 0.0064 0.0072 0.0219 0.0538 0.0383 0.0365 0.0385 0.0252 0.0133 0.0093 0.0135 0.0322 0.062 0.0728 0.0668 0.0371 0.0237 0.0195 0.0246 0.0383 0.0967 0.0949 0.0724 0.0477 0.0412 0.0373 0.037 0.0626 0.1467 0.1152 0.0787 0.0789 0.0662 0.0724 0.0484 0.0389 0.1822 0.1465 0.1156 0.131 0.104 0.0919 0.0668 0.0501 0.2112 0.176 0.153 0.1541 0.1192 0.1158 0.0935 0.0781 0.0391
-7.000 -1.000 35 0.0121 0.0033 0.0026 0.0015 0.0 0.0009 0.0052 0.0186 0.0419 0.0162 0.0148 0.01 0.0038 0.0018 0.005 0.0223 0.0553 0.0553 0.0528 0.0354 0.0111 0.0032 0.0036 0.0124 0.0352 0.0864 0.0849 0.0445 0.0146 0.0086 0.0089 0.0189 0.0339 0.1222 0.0876 0.039 0.0212 0.0222 0.0221 0.0291 0.0602 0.156 0.0867 0.0427 0.0495 0.0454 0.0505 0.03 0.0357 0.1701 0.1034 0.0868 0.0998 0.0774 0.0673 0.0407 0.0339 0.1808 0.1273 0.13 0.1187 0.0876 0.091 0.0617 0.0534 0.0176
-7.000 1.000 35 0.0081 0.0045 0.0036 0.0024 0.0009 0.0 0.0054 0.0195 0.0432 0.0222 0.0204 0.0118 0.0023 0.0017 0.0068 0.0263 0.059 0.0704 0.0601 0.0252 0.0038 0.0022 0.0062 0.02 0.0459 0.0978 0.0687 0.0204 0.0058 0.0061 0.0101 0.0227 0.0427 0.1086 0.0494 0.0143 0.0154 0.0193 0.0214 0.0361 0.0676 0.1133 0.041 0.0265 0.047 0.0431 0.0439 0.0305 0.052 0.1133 0.0623 0.0905 0.0878 0.0768 0.0565 0.0329 0.0435 0.1217 0.1025 0.1409 0.0987 0.0874 0.0787 0.0459 0.0546 0.0142
-7.000 3.000 35 0.0148 0.0074 0.0067 0.0059 0.0052 0.0054 0.0 0.014 0.0378 0.029 0.0264 0.0154 0.0064 0.007 0.0106 0.0276 0.0558 0.0808 0.0621 0.0218 0.0066 0.0084 0.015 0.0317 0.0555 0.0917 0.0523 0.0151 0.0107 0.0137 0.0195 0.0376 0.0577 0.0853 0.032 0.0156 0.024 0.0273 0.0317 0.0557 0.0808 0.0851 0.0331 0.0408 0.0546 0.056 0.0503 0.0503 0.0766 0.0935 0.0708 0.1201 0.0897 0.0863 0.0559 0.0481 0.0733 0.1166 0.1374 0.1526 0.1003 0.0949 0.073 0.0545 0.0845 0.0226
-7.000 5.000 35 0.0367 0.0193 0.019 0.0186 0.0186 0.0195 0.014 0.0 0.0237 0.0445 0.0414 0.0293 0.0216 0.0238 0.0264 0.03 0.0405 0.0973 0.0734 0.0332 0.0231 0.0271 0.0355 0.0463 0.0509 0.094 0.0553 0.0282 0.0306 0.0349 0.0445 0.0561 0.0631 0.0853 0.0426 0.0367 0.0467 0.0505 0.061 0.0839 0.0873 0.0888 0.0534 0.0755 0.0754 0.0848 0.0752 0.0822 0.0911 0.1107 0.11 0.152 0.1148 0.1094 0.0773 0.0813 0.0957 0.1535 0.194 0.1603 0.1304 0.1107 0.0908 0.0886 0.1129 0.0447
-7.000 7.000 35 0.0668 0.0411 0.0411 0.0412 0.0419 0.0432 0.0378 0.0237 0.0 0.0732 0.0701 0.0583 0.0527 0.0571 0.0592 0.0428 0.0189 0.1285 0.1025 0.0647 0.0582 0.0615 0.0606 0.047 0.0276 0.1175 0.083 0.0631 0.0645 0.0633 0.0618 0.0566 0.0384 0.1128 0.0763 0.0734 0.0785 0.0743 0.0782 0.0819 0.0576 0.1204 0.0909 0.1177 0.1031 0.1104 0.0868 0.0798 0.0602 0.1523 0.1661 0.176 0.1498 0.1188 0.0858 0.0794 0.0635 0.2157 0.2294 0.1828 0.1522 0.1129 0.097 0.0883 0.079 0.0733
-5.000 -7.000 35 0.0804 0.0038 0.005 0.0097 0.0162 0.0222 0.029 0.0445 0.0732 0.0 0.0111 0.0256 0.0456 0.0485 0.0478 0.0566 0.0825 0.0182 0.0324 0.0564 0.074 0.0699 0.0662 0.0661 0.0763 0.0249 0.0493 0.074 0.0798 0.0815 0.0842 0.0915 0.1129 0.0444 0.0672 0.075 0.0778 0.09 0.1003 0.1054 0.1114 0.0862 0.1007 0.086 0.0974 0.1113 0.1279 0.1212 0.1123 0.1164 0.148 0.1243 0.1444 0.1525 0.1475 0.1349 0.1276 0.1448 0.1826 0.1708 0.1627 0.1614 0.1667 0.1645 0.154 0.0819
-5.000 -5.000 25 0.0618 0.0048 0.0042 0.008 0.0148 0.0204 0.0264 0.0414 0.0701 0.0111 0.0 0.0163 0.0353 0.0366 0.0355 0.0446 0.0708 0.0303 0.024 0.0413 0.054 0.0487 0.0453 0.0461 0.0577 0.0432 0.0543 0.0619 0.0626 0.0598 0.0602 0.0673 0.0871 0.0721 0.0755 0.0682 0.0655 0.0722 0.0783 0.08 0.0897 0.1188 0.1042 0.0789 0.0909 0.0941 0.1094 0.0979 0.0853 0.1554 0.1456 0.115 0.1389 0.1364 0.1273 0.1138 0.1032 0.1881 0.1827 0.1537 0.1573 0.1506 0.1489 0.1391 0.1293 0.0658
-5.000 -3.000 25 0.0308 0.0116 0.0086 0.0064 0.01 0.0118 0.0154 0.0293 0.0583 0.0256 0.0163 0.0 0.0154 0.0147 0.0137 0.0239 0.0508 0.0547 0.0418 0.0316 0.0256 0.0192 0.017 0.0195 0.0329 0.0717 0.0688 0.0538 0.0334 0.0264 0.0265 0.0351 0.0537 0.1021 0.0839 0.0564 0.0411 0.0411 0.0444 0.0435 0.0613 0.1433 0.0988 0.0619 0.0715 0.0646 0.0757 0.0589 0.0462 0.1709 0.1275 0.0991 0.1219 0.1019 0.0929 0.0755 0.0641 0.194 0.1555 0.1365 0.1435 0.1161 0.1147 0.1008 0.0892 0.0372
-5.000 -1.000 25 0.0094 0.0202 0.0149 0.0088 0.0038 0.0023 0.0064 0.0216 0.0527 0.0456 0.0353 0.0154 0.0 0.0013 0.0028 0.0153 0.0434 0.0837 0.0629 0.027 0.0058 0.0022 0.0028 0.0078 0.0236 0.0939 0.0691 0.0272 0.0086 0.0077 0.0095 0.0203 0.0375 0.1078 0.059 0.0226 0.0156 0.0209 0.0238 0.0273 0.0555 0.1233 0.0565 0.0302 0.0454 0.0442 0.0528 0.0345 0.0295 0.1313 0.0774 0.0796 0.096 0.0757 0.0691 0.0474 0.0373 0.1427 0.1068 0.1252 0.1145 0.0854 0.0915 0.0693 0.0603 0.0146
-5.000 1.000 25 0.0082 0.0176 0.0122 0.0064 0.0018 0.0017 0.007 0.0238 0.0571 0.0485 0.0366 0.0147 0.0013 0.0 0.0028 0.0173 0.0457 0.0881 0.06 0.0181 0.0019 0.0008 0.0023 0.0092 0.027 0.0806 0.0451 0.0113 0.0052 0.0057 0.0083 0.0189 0.0344 0.0784 0.03 0.0113 0.0166 0.0196 0.0208 0.03 0.0606 0.0833 0.0302 0.0311 0.0494 0.0444 0.0447 0.0275 0.0385 0.0938 0.0622 0.1028 0.0881 0.078 0.0584 0.0334 0.0341 0.1123 0.1155 0.1487 0.0978 0.0881 0.0809 0.0492 0.0499 0.0148
-5.000 3.000 25 0.0116 0.0156 0.0113 0.0072 0.005 0.0068 0.0106 0.0264 0.0592 0.0478 0.0355 0.0137 0.0028 0.0028 0.0 0.0166 0.0435 0.0868 0.0556 0.0147 0.0031 0.0028 0.004 0.0123 0.0303 0.0673 0.0336 0.0097 0.0084 0.0086 0.0104 0.0223 0.0356 0.0644 0.0236 0.0164 0.0232 0.0223 0.0235 0.0397 0.0642 0.0723 0.0334 0.0504 0.0526 0.0528 0.0423 0.0348 0.0557 0.0932 0.0864 0.1286 0.0868 0.0815 0.0479 0.0342 0.0518 0.1305 0.1633 0.1445 0.0982 0.0885 0.0652 0.0422 0.0641 0.0194
-5.000 5.000 25 0.0226 0.0264 0.0237 0.0219 0.0223 0.0263 0.0276 0.03 0.0428 0.0566 0.0446 0.0239 0.0153 0.0173 0.0166 0.0 0.0217 0.0939 0.0617 0.0226 0.0137 0.0136 0.0132 0.0136 0.0222 0.0672 0.037 0.019 0.0192 0.0179 0.0219 0.0267 0.0335 0.0678 0.0323 0.0297 0.0361 0.0333 0.0392 0.0555 0.0596 0.0796 0.0509 0.0758 0.0614 0.0702 0.0514 0.0539 0.0625 0.1135 0.127 0.1386 0.1062 0.0879 0.0527 0.0536 0.0668 0.176 0.192 0.1433 0.1168 0.0859 0.066 0.0615 0.084 0.0299
-5.000 7.000 35 0.0402 0.0557 0.0543 0.0538 0.0553 0.059 0.0558 0.0405 0.0189 0.0825 0.0708 0.0508 0.0434 0.0457 0.0435 0.0217 0.0 0.1134 0.0801 0.0417 0.033 0.031 0.0278 0.0208 0.0115 0.0802 0.0522 0.0369 0.0369 0.0353 0.0386 0.0357 0.0236 0.0837 0.0512 0.0514 0.0553 0.0558 0.0602 0.0616 0.0439 0.0995 0.0793 0.1053 0.0884 0.0956 0.0663 0.0594 0.0461 0.1514 0.1676 0.1594 0.1415 0.0929 0.065 0.0595 0.0495 0.2231 0.2096 0.1762 0.1233 0.089 0.0758 0.0693 0.0653 0.0494
-3.000 -7.000 35 0.0593 0.0235 0.0271 0.0383 0.0553 0.0704 0.0808 0.0973 0.1285 0.0182 0.0303 0.0547 0.0837 0.0881 0.0868 0.0939 0.1134 0.0 0.0242 0.0603 0.0841 0.0824 0.0815 0.0838 0.0952 0.0066 0.022 0.0466 0.0586 0.0676 0.0777 0.0909 0.1219 0.0314 0.0452 0.0472 0.0483 0.0636 0.08 0.0914 0.0967 0.0746 0.0834 0.0658 0.0755 0.0878 0.1052 0.1009 0.0966 0.1048 0.1326 0.11 0.1238 0.1323 0.1299 0.119 0.1109 0.1329 0.1655 0.1612 0.1465 0.1399 0.1469 0.1498 0.1417 0.0546
-3.000 -5.000 25 0.0398 0.0279 0.0261 0.0365 0.0528 0.0601 0.0621 0.0734 0.1025 0.0324 0.024 0.0418 0.0629 0.06 0.0556 0.0617 0.0801 0.0242 0.0 0.0344 0.0533 0.0498 0.0486 0.051 0.0628 0.0234 0.0236 0.034 0.0394 0.0449 0.0525 0.0647 0.0944 0.0534 0.0453 0.038 0.0359 0.0481 0.0615 0.0695 0.0747 0.0975 0.0742 0.0503 0.0623 0.073 0.0877 0.0819 0.0754 0.132 0.1164 0.0876 0.1096 0.1137 0.1078 0.0965 0.0902 0.1626 0.1531 0.1275 0.1275 0.1244 0.1279 0.1261 0.115 0.0409
-3.000 -3.000 15 0.0125 0.0426 0.0401 0.0385 0.0354 0.0252 0.0218 0.0332 0.0647 0.0564 0.0413 0.0316 0.027 0.0181 0.0147 0.0226 0.0417 0.0603 0.0344 0.0 0.0137 0.0114 0.012 0.0159 0.0289 0.0513 0.035 0.0168 0.012 0.0154 0.0216 0.0341 0.0628 0.0741 0.0436 0.0199 0.0165 0.0241 0.0352 0.0403 0.0481 0.1044 0.056 0.0273 0.0473 0.0477 0.0626 0.0551 0.0461 0.1263 0.0855 0.0669 0.0964 0.0854 0.0802 0.0682 0.0621 0.1468 0.1144 0.1053 0.1167 0.0985 0.1003 0.0932 0.0853 0.0175
-3.000 -1.000 15 0.007 0.0528 0.0414 0.0252 0.0111 0.0038 0.0066 0.0231 0.0582 0.074 0.054 0.0256 0.0058 0.0019 0.0031 0.0137 0.033 0.0841 0.0533 0.0137 0.0 0.0021 0.0047 0.0098 0.0239 0.0601 0.0342 0.0096 0.0038 0.0073 0.0131 0.0271 0.0547 0.0713 0.0286 0.0101 0.0119 0.0198 0.0277 0.0311 0.0458 0.0838 0.0328 0.0241 0.0445 0.0436 0.056 0.0422 0.0341 0.098 0.062 0.0805 0.0953 0.0749 0.0712 0.0559 0.048 0.1164 0.0995 0.1277 0.1131 0.0844 0.0917 0.0776 0.0705 0.0124
-3.000 1.000 15 0.0091 0.0403 0.0271 0.0133 0.0032 0.0022 0.0084 0.0271 0.0615 0.0699 0.0487 0.0192 0.0022 0.0008 0.0028 0.0136 0.031 0.0824 0.0498 0.0114 0.0021 0.0 0.0028 0.0083 0.023 0.0532 0.0277 0.0091 0.0068 0.0061 0.0092 0.0243 0.0485 0.0627 0.0236 0.0145 0.0196 0.0202 0.0225 0.027 0.0523 0.0714 0.033 0.044 0.0525 0.0463 0.0471 0.0297 0.0277 0.0929 0.0781 0.1202 0.0877 0.0791 0.0614 0.0387 0.033 0.1231 0.1457 0.1529 0.0961 0.0883 0.0836 0.0564 0.0531 0.0162
-3.000 3.000 15 0.0146 0.0314 0.0197 0.0093 0.0036 0.0062 0.015 0.0355 0.0606 0.0662 0.0453 0.017 0.0028 0.0023 0.004 0.0132 0.0278 0.0815 0.0486 0.012 0.0047 0.0028 0.0 0.0064 0.0218 0.0523 0.0287 0.0142 0.0131 0.0093 0.009 0.0214 0.039 0.0649 0.0296 0.0256 0.0283 0.0227 0.0222 0.032 0.0623 0.0763 0.048 0.0705 0.0546 0.0558 0.0404 0.0274 0.0415 0.1134 0.1213 0.1342 0.0908 0.0808 0.0455 0.0284 0.0383 0.1692 0.1846 0.1367 0.1019 0.0853 0.0627 0.038 0.0527 0.0216
-3.000 5.000 25 0.0257 0.0293 0.0203 0.0135 0.0124 0.02 0.0317 0.0463 0.047 0.0661 0.0461 0.0195 0.0078 0.0092 0.0123 0.0136 0.0208 0.0838 0.051 0.0159 0.0098 0.0083 0.0064 0.0 0.0147 0.0569 0.0351 0.0234 0.0232 0.0198 0.0194 0.0191 0.0247 0.0741 0.0419 0.0411 0.0415 0.0372 0.0365 0.0462 0.0523 0.092 0.073 0.0941 0.0719 0.0752 0.044 0.043 0.051 0.1498 0.159 0.1433 0.1206 0.079 0.0441 0.0425 0.054 0.2135 0.1926 0.1556 0.1117 0.0745 0.057 0.0506 0.0708 0.0341
-3.000 7.000 35 0.0474 0.0409 0.035 0.0322 0.0352 0.0459 0.0555 0.0509 0.0276 0.0763 0.0577 0.0329 0.0236 0.027 0.0303 0.0222 0.0115 0.0952 0.0628 0.0289 0.0239 0.023 0.0218 0.0147 0.0 0.0718 0.0515 0.042 0.0428 0.0403 0.0399 0.0273 0.0118 0.0947 0.0652 0.0667 0.0663 0.0638 0.0559 0.0477 0.0326 0.1214 0.1088 0.1268 0.1061 0.0913 0.052 0.0429 0.0333 0.1974 0.1989 0.177 0.1345 0.0714 0.0484 0.0427 0.0367 0.25 0.2234 0.1674 0.0922 0.0713 0.0579 0.0534 0.0528 0.0584
-1.000 -7.000 35 0.0428 0.0341 0.0437 0.062 0.0864 0.0978 0.0917 0.094 0.1175 0.0249 0.0432 0.0717 0.0939 0.0806 0.0673 0.0672 0.0802 0.0066 0.0234 0.0513 0.0601 0.0532 0.0523 0.0569 0.0718 0.0 0.0185 0.0372 0.0412 0.046 0.0561 0.0682 0.1012 0.0296 0.0451 0.0503 0.0481 0.0596 0.0733 0.0829 0.0836 0.07 0.0816 0.074 0.0862 0.1049 0.1177 0.1088 0.1009 0.0978 0.1276 0.1186 0.1326 0.1482 0.1519 0.1448 0.1326 0.1241 0.1547 0.1686 0.1573 0.1492 0.1576 0.1725 0.1738 0.0478
-1.000 -5.000 25 0.0204 0.0557 0.0596 0.0728 0.0849 0.0687 0.0523 0.0553 0.083 0.0493 0.0543 0.0688 0.0691 0.0451 0.0336 0.037 0.0522 0.022 0.0236 0.035 0.0342 0.0277 0.0287 0.0351 0.0515 0.0185 0.0 0.0157 0.0185 0.0239 0.0344 0.0472 0.0808 0.0468 0.0268 0.0207 0.0205 0.0334 0.0486 0.0583 0.06 0.0829 0.056 0.0363 0.0507 0.0679 0.0822 0.0755 0.0697 0.1143 0.099 0.0748 0.0971 0.1067 0.1101 0.1007 0.0909 0.1427 0.1349 0.1158 0.1144 0.1141 0.1226 0.1309 0.1261 0.0225
-1.000 -3.000 15 0.0082 0.07 0.068 0.0668 0.0445 0.0204 0.0151 0.0282 0.0631 0.074 0.0619 0.0538 0.0272 0.0113 0.0097 0.019 0.0369 0.0466 0.034 0.0168 0.0096 0.0091 0.0142 0.0234 0.042 0.0372 0.0157 0.0 0.0044 0.0123 0.0238 0.0375 0.072 0.0597 0.0216 0.0064 0.0082 0.0214 0.0373 0.0463 0.049 0.0785 0.0342 0.017 0.0419 0.0497 0.0654 0.0598 0.0549 0.0998 0.0666 0.0594 0.0894 0.0881 0.0845 0.0768 0.0701 0.1208 0.0975 0.0984 0.1084 0.0981 0.1046 0.1039 0.0966 0.0113
-1.000 -1.000 5 0.0046 0.0691 0.0585 0.0371 0.0146 0.0058 0.0107 0.0306 0.0645 0.0798 0.0626 0.0334 0.0086 0.0052 0.0084 0.0192 0.0369 0.0586 0.0394 0.012 0.0038 0.0068 0.0131 0.0232 0.0428 0.0412 0.0185 0.0044 0.0 0.0091 0.02 0.0341 0.069 0.0584 0.0188 0.0069 0.0092 0.0175 0.032 0.0389 0.0428 0.0671 0.0267 0.0289 0.0459 0.0427 0.0576 0.0499 0.0442 0.089 0.0659 0.0922 0.0956 0.0738 0.0715 0.0608 0.0564 0.1141 0.1131 0.1367 0.1116 0.0828 0.0899 0.0831 0.0775 0.0093
-1.000 1.000 5 0.0062 0.0633 0.0447 0.0237 0.0086 0.0061 0.0137 0.0349 0.0633 0.0815 0.0598 0.0264 0.0077 0.0057 0.0086 0.0179 0.0353 0.0676 0.0449 0.0154 0.0073 0.0061 0.0093 0.0198 0.0403 0.046 0.0239 0.0123 0.0091 0.0 0.0097 0.0253 0.0611 0.0629 0.0262 0.0198 0.0188 0.0133 0.0209 0.0246 0.0324 0.0741 0.0455 0.0622 0.0481 0.0413 0.0443 0.0323 0.0262 0.1127 0.1136 0.1274 0.0792 0.0725 0.058 0.0411 0.0378 0.161 0.1747 0.1384 0.0869 0.0802 0.0791 0.0594 0.0559 0.0115
-1.000 3.000 15 0.0167 0.0564 0.0376 0.0195 0.0089 0.0101 0.0195 0.0445 0.0618 0.0842 0.0602 0.0265 0.0095 0.0083 0.0104 0.0219 0.0386 0.0777 0.0525 0.0216 0.0131 0.0092 0.009 0.0194 0.0399 0.0561 0.0344 0.0238 0.02 0.0097 0.0 0.0193 0.0552 0.0739 0.0397 0.0355 0.0296 0.0195 0.0136 0.0146 0.0308 0.0941 0.0739 0.0865 0.0557 0.0549 0.0305 0.0142 0.0143 0.1547 0.1523 0.1281 0.0968 0.0706 0.035 0.0178 0.0199 0.202 0.1782 0.1347 0.098 0.0717 0.0522 0.029 0.038 0.0206
-1.000 5.000 25 0.0317 0.0566 0.0394 0.0246 0.0189 0.0227 0.0376 0.0561 0.0566 0.0915 0.0673 0.0351 0.0203 0.0189 0.0223 0.0267 0.0357 0.0909 0.0647 0.0341 0.0271 0.0243 0.0214 0.0191 0.0273 0.0682 0.0472 0.0375 0.0341 0.0253 0.0193 0.0 0.03 0.0876 0.0553 0.0525 0.0449 0.0355 0.0191 0.015 0.0295 0.1178 0.1017 0.1095 0.0799 0.0561 0.0171 0.0101 0.0183 0.193 0.18 0.1477 0.0997 0.0419 0.0165 0.0101 0.0212 0.2237 0.1899 0.1329 0.0644 0.0411 0.0289 0.019 0.0387 0.0353
-1.000 7.000 35 0.0656 0.0682 0.0514 0.0383 0.0339 0.0427 0.0577 0.0631 0.0384 0.1129 0.0871 0.0537 0.0375 0.0344 0.0356 0.0335 0.0236 0.1219 0.0944 0.0628 0.0547 0.0485 0.039 0.0247 0.0118 0.1012 0.0808 0.072 0.069 0.0611 0.0552 0.03 0.0 0.1195 0.0883 0.0855 0.0757 0.0632 0.0393 0.0275 0.0177 0.1574 0.1419 0.1431 0.1041 0.0585 0.0245 0.0194 0.0152 0.2353 0.207 0.153 0.0817 0.0387 0.0219 0.0206 0.0188 0.232 0.1756 0.1003 0.0499 0.0433 0.0323 0.0333 0.0356 0.067
1.000 -7.000 35 0.058 0.0529 0.0719 0.0967 0.1222 0.1086 0.0853 0.0853 0.1128 0.0444 0.0721 0.1021 0.1078 0.0784 0.0644 0.0678 0.0837 0.0314 0.0534 0.0741 0.0713 0.0627 0.0649 0.0741 0.0947 0.0296 0.0468 0.0597 0.0584 0.0629 0.0739 0.0876 0.1195 0.0 0.0398 0.0547 0.0557 0.0752 0.0945 0.1096 0.1101 0.0342 0.0573 0.0678 0.095 0.1263 0.1468 0.1426 0.1373 0.0605 0.0923 0.1072 0.1275 0.1464 0.1611 0.1685 0.1667 0.0856 0.1117 0.1445 0.1504 0.1413 0.1475 0.1692 0.1857 0.0612
1.000 -5.000 25 0.0204 0.0769 0.0822 0.0949 0.0876 0.0494 0.032 0.0426 0.0763 0.0672 0.0755 0.0839 0.059 0.03 0.0236 0.0323 0.0512 0.0452 0.0453 0.0436 0.0286 0.0236 0.0296 0.0419 0.0652 0.0451 0.0268 0.0216 0.0188 0.0262 0.0397 0.0553 0.0883 0.0398 0.0 0.0137 0.0184 0.0407 0.0619 0.0775 0.0785 0.0547 0.0294 0.0258 0.0556 0.0855 0.1056 0.1019 0.0976 0.0837 0.074 0.0623 0.0892 0.1083 0.1215 0.1256 0.1229 0.1105 0.1081 0.1027 0.1034 0.1019 0.1161 0.1368 0.148 0.0253
1.000 -3.000 15 0.013 0.0789 0.0767 0.0724 0.039 0.0143 0.0156 0.0367 0.0734 0.075 0.0682 0.0564 0.0226 0.0113 0.0164 0.0297 0.0514 0.0472 0.038 0.0199 0.0101 0.0145 0.0256 0.0411 0.0667 0.0503 0.0207 0.0064 0.0069 0.0198 0.0355 0.0525 0.0855 0.0547 0.0137 0.0 0.0108 0.0346 0.0567 0.0715 0.0721 0.0634 0.0248 0.0151 0.0455 0.0689 0.0878 0.0846 0.0816 0.0881 0.0599 0.0596 0.0859 0.0982 0.1045 0.1037 0.1003 0.108 0.0916 0.0975 0.1023 0.0984 0.1083 0.124 0.1268 0.0185
1.000 -1.000 5 0.012 0.0768 0.0692 0.0477 0.0212 0.0154 0.024 0.0467 0.0785 0.0778 0.0655 0.0411 0.0156 0.0166 0.0232 0.0361 0.0553 0.0483 0.0359 0.0165 0.0119 0.0196 0.0283 0.0415 0.0663 0.0481 0.0205 0.0082 0.0092 0.0188 0.0296 0.0449 0.0757 0.0557 0.0184 0.0108 0.0 0.0181 0.0401 0.0527 0.0525 0.0735 0.0418 0.0445 0.0405 0.0412 0.0585 0.056 0.0541 0.1085 0.0944 0.1031 0.0843 0.0673 0.0698 0.0657 0.0642 0.1379 0.1404 0.1332 0.0962 0.0728 0.0816 0.086 0.0833 0.01
1.000 1.000 5 0.0125 0.0817 0.0665 0.0412 0.0222 0.0193 0.0273 0.0505 0.0743 0.09 0.0722 0.0411 0.0209 0.0196 0.0223 0.0333 0.0558 0.0636 0.0481 0.0241 0.0198 0.0202 0.0227 0.0372 0.0638 0.0596 0.0334 0.0214 0.0175 0.0133 0.0195 0.0355 0.0632 0.0752 0.0407 0.0346 0.0181 0.0 0.0252 0.034 0.033 0.1093 0.0831 0.0804 0.0397 0.0321 0.0369 0.0322 0.0307 0.1629 0.144 0.1122 0.0678 0.0584 0.0479 0.0383 0.0384 0.1887 0.1575 0.1122 0.0727 0.0636 0.0662 0.0564 0.0562 0.0085
1.000 3.000 15 0.0268 0.0834 0.0621 0.0373 0.0221 0.0214 0.0317 0.061 0.0782 0.1003 0.0783 0.0444 0.0238 0.0208 0.0235 0.0392 0.0602 0.08 0.0615 0.0352 0.0277 0.0225 0.0222 0.0365 0.0559 0.0733 0.0486 0.0373 0.032 0.0209 0.0136 0.0191 0.0393 0.0945 0.0619 0.0567 0.0401 0.0252 0.0 0.0058 0.0073 0.1456 0.1209 0.1128 0.0707 0.0417 0.0114 0.0046 0.0049 0.2049 0.1741 0.1302 0.083 0.0407 0.0161 0.0078 0.0117 0.2057 0.168 0.1152 0.0617 0.0426 0.0339 0.0192 0.0285 0.0292
1.000 5.000 25 0.0341 0.0787 0.0566 0.037 0.0291 0.0361 0.0557 0.0839 0.0819 0.1054 0.08 0.0435 0.0273 0.03 0.0397 0.0555 0.0616 0.0914 0.0695 0.0403 0.0311 0.027 0.032 0.0462 0.0477 0.0829 0.0583 0.0463 0.0389 0.0246 0.0146 0.015 0.0275 0.1096 0.0775 0.0715 0.0527 0.034 0.0058 0.0 0.0042 0.169 0.1419 0.1261 0.075 0.0295 0.0032 0.0008 0.0023 0.2179 0.1725 0.1127 0.0528 0.0205 0.0074 0.0038 0.011 0.1828 0.1332 0.0731 0.0337 0.0304 0.0212 0.0144 0.0307 0.0392
1.000 7.000 35 0.0372 0.0876 0.073 0.0626 0.0602 0.0676 0.0808 0.0873 0.0576 0.1114 0.0897 0.0613 0.0555 0.0606 0.0642 0.0596 0.0439 0.0967 0.0747 0.0481 0.0458 0.0523 0.0623 0.0523 0.0326 0.0836 0.06 0.049 0.0428 0.0324 0.0308 0.0295 0.0177 0.1101 0.0785 0.0721 0.0525 0.033 0.0073 0.0042 0.0 0.1735 0.1438 0.1223 0.0672 0.0213 0.0029 0.0021 0.0015 0.2048 0.151 0.0884 0.0378 0.0187 0.0073 0.0085 0.0089 0.1471 0.1037 0.0576 0.0326 0.0306 0.0211 0.0248 0.0278 0.0404
3.000 -7.000 35 0.0685 0.0946 0.1196 0.1467 0.156 0.1133 0.0851 0.0888 0.1204 0.0862 0.1188 0.1433 0.1233 0.0833 0.0723 0.0796 0.0995 0.0746 0.0975 0.1044 0.0838 0.0714 0.0763 0.092 0.1214 0.07 0.0829 0.0785 0.0671 0.0741 0.0941 0.1178 0.1574 0.0342 0.0547 0.0634 0.0735 0.1093 0.1456 0.169 0.1735 0.0 0.0415 0.0719 0.1124 0.1575 0.1862 0.1864 0.1844 0.0291 0.054 0.0905 0.1206 0.14 0.158 0.1741 0.1825 0.0537 0.0694 0.1022 0.1351 0.1339 0.1338 0.1492 0.1683 0.0805
3.000 -5.000 25 0.038 0.1102 0.1117 0.1152 0.0867 0.041 0.0331 0.0534 0.0909 0.1007 0.1042 0.0988 0.0565 0.0302 0.0334 0.0509 0.0793 0.0834 0.0742 0.056 0.0328 0.033 0.048 0.073 0.1088 0.0816 0.056 0.0342 0.0267 0.0455 0.0739 0.1017 0.1419 0.0573 0.0294 0.0248 0.0418 0.0831 0.1209 0.1419 0.1438 0.0415 0.0 0.0267 0.0735 0.1184 0.1461 0.1456 0.1433 0.0552 0.043 0.0503 0.079 0.1003 0.1197 0.1351 0.1428 0.0747 0.0722 0.084 0.0932 0.0885 0.0944 0.1147 0.1352 0.0529
3.000 -3.000 15 0.0499 0.0922 0.0872 0.0787 0.0427 0.0265 0.0408 0.0755 0.1177 0.086 0.0789 0.0619 0.0302 0.0311 0.0504 0.0758 0.1053 0.0658 0.0503 0.0273 0.0241 0.044 0.0705 0.0941 0.1268 0.074 0.0363 0.017 0.0289 0.0622 0.0865 0.1095 0.1431 0.0678 0.0258 0.0151 0.0445 0.0804 0.1128 0.1261 0.1223 0.0719 0.0267 0.0 0.0534 0.0919 0.1158 0.113 0.1098 0.083 0.0509 0.0388 0.0599 0.0772 0.0949 0.107 0.1128 0.0921 0.0755 0.0725 0.0717 0.0665 0.0767 0.0977 0.1154 0.0626
3.000 -1.000 15 0.0461 0.0998 0.0972 0.0789 0.0495 0.047 0.0546 0.0754 0.1031 0.0974 0.0909 0.0715 0.0454 0.0494 0.0526 0.0614 0.0884 0.0755 0.0623 0.0473 0.0445 0.0525 0.0546 0.0719 0.1061 0.0862 0.0507 0.0419 0.0459 0.0481 0.0557 0.0799 0.1041 0.095 0.0556 0.0455 0.0405 0.0397 0.0707 0.075 0.0672 0.1124 0.0735 0.0534 0.0 0.035 0.0585 0.0558 0.0537 0.1304 0.0965 0.0629 0.0336 0.0353 0.0497 0.0576 0.062 0.1278 0.1053 0.0767 0.0436 0.0337 0.0459 0.0633 0.0753 0.0412
3.000 1.000 15 0.0378 0.1061 0.0928 0.0662 0.0454 0.0431 0.056 0.0848 0.1104 0.1113 0.0941 0.0646 0.0442 0.0444 0.0528 0.0702 0.0956 0.0878 0.073 0.0477 0.0436 0.0463 0.0558 0.0752 0.0913 0.1049 0.0679 0.0497 0.0427 0.0413 0.0549 0.0561 0.0585 0.1263 0.0855 0.0689 0.0412 0.0321 0.0417 0.0295 0.0213 0.1575 0.1184 0.0919 0.035 0.0 0.0178 0.015 0.0145 0.1653 0.1228 0.0757 0.0356 0.0188 0.0221 0.0234 0.0272 0.1401 0.109 0.0686 0.0324 0.0237 0.0348 0.0389 0.0443 0.0338
3.000 3.000 15 0.0493 0.1182 0.0998 0.0724 0.0505 0.0439 0.0503 0.0752 0.0868 0.1279 0.1094 0.0757 0.0528 0.0447 0.0423 0.0514 0.0663 0.1052 0.0877 0.0626 0.056 0.0471 0.0404 0.044 0.052 0.1177 0.0822 0.0654 0.0576 0.0443 0.0305 0.0171 0.0245 0.1468 0.1056 0.0878 0.0585 0.0369 0.0114 0.0032 0.0029 0.1862 0.1461 0.1158 0.0585 0.0178 0.0 0.0017 0.0041 0.1781 0.1304 0.079 0.0373 0.0187 0.0099 0.007 0.0141 0.1349 0.1026 0.0611 0.0302 0.028 0.0287 0.0197 0.0288 0.0496
3.000 5.000 25 0.0415 0.1045 0.0778 0.0484 0.03 0.0305 0.0503 0.0822 0.0798 0.1212 0.0979 0.0589 0.0345 0.0275 0.0348 0.0539 0.0594 0.1009 0.0819 0.0551 0.0422 0.0297 0.0274 0.043 0.0429 0.1088 0.0755 0.0598 0.0499 0.0323 0.0142 0.0101 0.0194 0.1426 0.1019 0.0846 0.056 0.0322 0.0046 0.0008 0.0021 0.1864 0.1456 0.113 0.0558 0.015 0.0017 0.0 0.0036 0.1686 0.12 0.0703 0.0348 0.0211 0.0079 0.004 0.0125 0.1217 0.0941 0.0582 0.0339 0.0313 0.0201 0.015 0.0303 0.0441
3.000 7.000 35 0.0377 0.0861 0.06 0.0389 0.0357 0.052 0.0766 0.0911 0.0602 0.1123 0.0853 0.0462 0.0295 0.0385 0.0557 0.0625 0.0461 0.0966 0.0754 0.0461 0.0341 0.0277 0.0415 0.051 0.0333 0.1009 0.0697 0.0549 0.0442 0.0262 0.0143 0.0183 0.0152 0.1373 0.0976 0.0816 0.0541 0.0307 0.0049 0.0023 0.0015 0.1844 0.1433 0.1098 0.0537 0.0145 0.0041 0.0036 0.0 0.1623 0.1147 0.068 0.0373 0.026 0.013 0.0117 0.009 0.1187 0.0948 0.0616 0.0392 0.0352 0.0261 0.0287 0.0279 0.0409
5.000 -7.000 35 0.1022 0.1252 0.1575 0.1822 0.1701 0.1133 0.0935 0.1107 0.1523 0.1164 0.1554 0.1709 0.1313 0.0938 0.0932 0.1135 0.1514 0.1048 0.132 0.1263 0.098 0.0929 0.1134 0.1498 0.1974 0.0978 0.1143 0.0998 0.089 0.1127 0.1547 0.193 0.2353 0.0605 0.0837 0.0881 0.1085 0.1629 0.2049 0.2179 0.2048 0.0291 0.0552 0.083 0.1304 0.1653 0.1781 0.1686 0.1623 0.0 0.0342 0.0744 0.1072 0.1201 0.1291 0.1425 0.1493 0.0203 0.0343 0.0599 0.0984 0.1101 0.1123 0.1214 0.1341 0.125
5.000 -5.000 25 0.0954 0.1571 0.1532 0.1465 0.1034 0.0623 0.0708 0.11 0.1661 0.148 0.1456 0.1275 0.0774 0.0622 0.0864 0.127 0.1676 0.1326 0.1164 0.0855 0.062 0.0781 0.1213 0.159 0.1989 0.1276 0.099 0.0666 0.0659 0.1136 0.1523 0.18 0.207 0.0923 0.074 0.0599 0.0944 0.144 0.1741 0.1725 0.151 0.054 0.043 0.0509 0.0965 0.1228 0.1304 0.12 0.1147 0.0342 0.0 0.0387 0.0693 0.0804 0.0894 0.1027 0.1097 0.0342 0.0253 0.0451 0.0747 0.0782 0.0779 0.0868 0.0998 0.1181
5.000 -3.000 25 0.1183 0.1303 0.1229 0.1156 0.0868 0.0905 0.1201 0.152 0.176 0.1243 0.115 0.0991 0.0796 0.1028 0.1286 0.1386 0.1594 0.11 0.0876 0.0669 0.0805 0.1202 0.1342 0.1433 0.177 0.1186 0.0748 0.0594 0.0922 0.1274 0.1281 0.1477 0.153 0.1072 0.0623 0.0596 0.1031 0.1122 0.1302 0.1127 0.0884 0.0905 0.0503 0.0388 0.0629 0.0757 0.079 0.0703 0.068 0.0744 0.0387 0.0 0.0295 0.0393 0.0496 0.0634 0.0712 0.0598 0.0429 0.035 0.0397 0.0368 0.0383 0.0497 0.0645 0.1197
5.000 -1.000 25 0.0842 0.1495 0.1474 0.131 0.0998 0.0878 0.0897 0.1148 0.1498 0.1444 0.1389 0.1219 0.096 0.0881 0.0868 0.1062 0.1415 0.1238 0.1096 0.0964 0.0953 0.0877 0.0908 0.1206 0.1345 0.1326 0.0971 0.0894 0.0956 0.0792 0.0968 0.0997 0.0817 0.1275 0.0892 0.0859 0.0843 0.0678 0.083 0.0528 0.0378 0.1206 0.079 0.0599 0.0336 0.0356 0.0373 0.0348 0.0373 0.1072 0.0693 0.0295 0.0 0.0113 0.0253 0.0401 0.0489 0.0847 0.0654 0.0396 0.0158 0.0099 0.017 0.0315 0.0476 0.0743
5.000 1.000 25 0.0684 0.149 0.1364 0.104 0.0774 0.0768 0.0863 0.1094 0.1188 0.1525 0.1364 0.1019 0.0757 0.078 0.0815 0.0879 0.0929 0.1323 0.1137 0.0854 0.0749 0.0791 0.0808 0.079 0.0714 0.1482 0.1067 0.0881 0.0738 0.0725 0.0706 0.0419 0.0387 0.1464 0.1083 0.0982 0.0673 0.0584 0.0407 0.0205 0.0187 0.14 0.1003 0.0772 0.0353 0.0188 0.0187 0.0211 0.026 0.1201 0.0804 0.0393 0.0113 0.0 0.0164 0.0295 0.0383 0.0913 0.0706 0.0391 0.0106 0.0066 0.0164 0.0291 0.0434 0.061
5.000 3.000 25 0.063 0.1403 0.1217 0.0919 0.0673 0.0565 0.0559 0.0773 0.0858 0.1475 0.1273 0.0929 0.0691 0.0584 0.0479 0.0527 0.065 0.1299 0.1078 0.0802 0.0712 0.0614 0.0455 0.0441 0.0484 0.1519 0.1101 0.0845 0.0715 0.058 0.035 0.0165 0.0219 0.1611 0.1215 0.1045 0.0698 0.0479 0.0161 0.0074 0.0073 0.158 0.1197 0.0949 0.0497 0.0221 0.0099 0.0079 0.013 0.1291 0.0894 0.0496 0.0253 0.0164 0.0 0.0099 0.0206 0.0976 0.0773 0.0457 0.0204 0.0167 0.0147 0.0158 0.0284 0.06
5.000 5.000 25 0.0525 0.1234 0.0993 0.0668 0.0407 0.0329 0.0481 0.0813 0.0794 0.1349 0.1138 0.0755 0.0474 0.0334 0.0342 0.0536 0.0595 0.119 0.0965 0.0682 0.0559 0.0387 0.0284 0.0425 0.0427 0.1448 0.1007 0.0768 0.0608 0.0411 0.0178 0.0101 0.0206 0.1685 0.1256 0.1037 0.0657 0.0383 0.0078 0.0038 0.0085 0.1741 0.1351 0.107 0.0576 0.0234 0.007 0.004 0.0117 0.1425 0.1027 0.0634 0.0401 0.0295 0.0099 0.0 0.015 0.1085 0.0882 0.0562 0.0317 0.0255 0.0148 0.0099 0.0237 0.0516
5.000 7.000 35 0.0495 0.1108 0.0823 0.0501 0.0339 0.0435 0.0733 0.0957 0.0635 0.1276 0.1032 0.0641 0.0373 0.0341 0.0518 0.0668 0.0495 0.1109 0.0902 0.0621 0.048 0.033 0.0383 0.054 0.0367 0.1326 0.0909 0.0701 0.0564 0.0378 0.0199 0.0212 0.0188 0.1667 0.1229 0.1003 0.0642 0.0384 0.0117 0.011 0.0089 0.1825 0.1428 0.1128 0.062 0.0272 0.0141 0.0125 0.009 0.1493 0.1097 0.0712 0.0489 0.0383 0.0206 0.015 0.0 0.1154 0.0957 0.0642 0.0412 0.0358 0.027 0.0239 0.0169 0.0509
7.000 -7.000 35 0.1395 0.1542 0.1919 0.2112 0.1808 0.1217 0.1166 0.1535 0.2157 0.1448 0.1881 0.194 0.1427 0.1123 0.1305 0.176 0.2231 0.1329 0.1626 0.1468 0.1164 0.1231 0.1692 0.2135 0.25 0.1241 0.1427 0.1208 0.1141 0.161 0.202 0.2237 0.232 0.0856 0.1105 0.108 0.1379 0.1887 0.2057 0.1828 0.1471 0.0537 0.0747 0.0921 0.1278 0.1401 0.1349 0.1217 0.1187 0.0203 0.0342 0.0598 0.0847 0.0913 0.0976 0.1085 0.1154 0.0 0.0122 0.0277 0.0571 0.0678 0.0684 0.0744 0.0826 0.1655
7.000 -5.000 35 0.155 0.1934 0.191 0.176 0.1273 0.1025 0.1374 0.194 0.2294 0.1826 0.1827 0.1555 0.1068 0.1155 0.1633 0.192 0.2096 0.1655 0.1531 0.1144 0.0995 0.1457 0.1846 0.1926 0.2234 0.1547 0.1349 0.0975 0.1131 0.1747 0.1782 0.1899 0.1756 0.1117 0.1081 0.0916 0.1404 0.1575 0.168 0.1332 0.1037 0.0694 0.0722 0.0755 0.1053 0.109 0.1026 0.0941 0.0948 0.0343 0.0253 0.0429 0.0654 0.0706 0.0773 0.0882 0.0957 0.0122 0.0 0.0175 0.0471 0.0557 0.0555 0.0613 0.0696 0.1628
7.000 -3.000 35 0.1452 0.1752 0.1611 0.153 0.13 0.1409 0.1526 0.1603 0.1828 0.1708 0.1537 0.1365 0.1252 0.1487 0.1445 0.1433 0.1762 0.1612 0.1275 0.1053 0.1277 0.1529 0.1367 0.1556 0.1674 0.1686 0.1158 0.0984 0.1367 0.1384 0.1347 0.1329 0.1003 0.1445 0.1027 0.0975 0.1332 0.1122 0.1152 0.0731 0.0576 0.1022 0.084 0.0725 0.0767 0.0686 0.0611 0.0582 0.0616 0.0599 0.0451 0.035 0.0396 0.0391 0.0457 0.0562 0.0642 0.0277 0.0175 0.0 0.025 0.0293 0.0285 0.0343 0.043 0.134
7.000 -1.000 35 0.093 0.169 0.1673 0.1541 0.1187 0.0987 0.1003 0.1304 0.1522 0.1627 0.1573 0.1435 0.1145 0.0978 0.0982 0.1168 0.1233 0.1465 0.1275 0.1167 0.1131 0.0961 0.1019 0.1117 0.0922 0.1573 0.1144 0.1084 0.1116 0.0869 0.098 0.0644 0.0499 0.1504 0.1034 0.1023 0.0962 0.0727 0.0617 0.0337 0.0326 0.1351 0.0932 0.0717 0.0436 0.0324 0.0302 0.0339 0.0392 0.0984 0.0747 0.0397 0.0158 0.0106 0.0204 0.0317 0.0412 0.0571 0.0471 0.025 0.0 0.0049 0.0071 0.0147 0.025 0.0824
7.000 1.000 35 0.0755 0.1635 0.1539 0.1192 0.0876 0.0874 0.0949 0.1107 0.1129 0.1614 0.1506 0.1161 0.0854 0.0881 0.0885 0.0859 0.089 0.1399 0.1244 0.0985 0.0844 0.0883 0.0853 0.0745 0.0713 0.1492 0.1141 0.0981 0.0828 0.0802 0.0717 0.0411 0.0433 0.1413 0.1019 0.0984 0.0728 0.0636 0.0426 0.0304 0.0306 0.1339 0.0885 0.0665 0.0337 0.0237 0.028 0.0313 0.0352 0.1101 0.0782 0.0368 0.0099 0.0066 0.0167 0.0255 0.0358 0.0678 0.0557 0.0293 0.0049 0.0 0.0048 0.0127 0.0236 0.0672
7.000 3.000 35 0.082 0.1629 0.1464 0.1158 0.091 0.0787 0.073 0.0908 0.097 0.1667 0.1489 0.1147 0.0915 0.0809 0.0652 0.066 0.0758 0.1469 0.1279 0.1003 0.0917 0.0836 0.0627 0.057 0.0579 0.1576 0.1226 0.1046 0.0899 0.0791 0.0522 0.0289 0.0323 0.1475 0.1161 0.1083 0.0816 0.0662 0.0339 0.0212 0.0211 0.1338 0.0944 0.0767 0.0459 0.0348 0.0287 0.0201 0.0261 0.1123 0.0779 0.0383 0.017 0.0164 0.0147 0.0148 0.027 0.0684 0.0555 0.0285 0.0071 0.0048 0.0 0.0066 0.0185 0.0767
7.000 5.000 35 0.073 0.1529 0.129 0.0935 0.0617 0.0459 0.0545 0.0886 0.0883 0.1645 0.1391 0.1008 0.0693 0.0492 0.0422 0.0615 0.0693 0.1498 0.1261 0.0932 0.0776 0.0564 0.038 0.0506 0.0534 0.1725 0.1309 0.1039 0.0831 0.0594 0.029 0.019 0.0333 0.1692 0.1368 0.124 0.086 0.0564 0.0192 0.0144 0.0248 0.1492 0.1147 0.0977 0.0633 0.0389 0.0197 0.015 0.0287 0.1214 0.0868 0.0497 0.0315 0.0291 0.0158 0.0099 0.0239 0.0744 0.0613 0.0343 0.0147 0.0127 0.0066 0.0 0.0145 0.0717
7.000 7.000 35 0.0694 0.1433 0.1135 0.0781 0.0534 0.0546 0.0845 0.1129 0.079 0.154 0.1293 0.0892 0.0603 0.0499 0.0641 0.084 0.0653 0.1417 0.115 0.0853 0.0705 0.0531 0.0527 0.0708 0.0528 0.1738 0.1261 0.0966 0.0775 0.0559 0.038 0.0387 0.0356 0.1857 0.148 0.1268 0.0833 0.0562 0.0285 0.0307 0.0278 0.1683 0.1352 0.1154 0.0753 0.0443 0.0288 0.0303 0.0279 0.1341 0.0998 0.0645 0.0476 0.0434 0.0284 0.0237 0.0169 0.0826 0.0696 0.043 0.025 0.0236 0.0185 0.0145 0.0 0.0691
0.500 0.000 0 0.0065 0.075 0.063 0.0391 0.0176 0.0142 0.0226 0.0447 0.0733 0.0819 0.0658 0.0372 0.0146 0.0148 0.0194 0.0299 0.0494 0.0546 0.0409 0.0175 0.0124 0.0162 0.0216 0.0341 0.0584 0.0478 0.0225 0.0113 0.0093 0.0115 0.0206 0.0353 0.067 0.0612 0.0253 0.0185 0.01 0.0085 0.0292 0.0392 0.0404 0.0805 0.0529 0.0626 0.0412 0.0338 0.0496 0.0441 0.0409 0.125 0.1181 0.1197 0.0743 0.061 0.06 0.0516 0.0509 0.1655 0.1628 0.134 0.0824 0.0672 0.0767 0.0717 0.0691 0.0