n 66
m 2
tmax 15.0
-0.500 0.000 0 0.0 0.0865 0.0704 0.0803 0.0758 0.0855 0.1077 0.1196 0.1036 0.1359 0.0624 0.0585 0.0398 0.0491 0.0861 0.0772 0.0617 0.0908 0.0513 0.0279 0.0142 0.0161 0.0354 0.0404 0.0318 0.055 0.0405 0.0234 0.0074 0.0084 0.0219 0.0245 0.0283 0.0538 0.0432 0.0317 0.0179 0.0171 0.0218 0.0217 0.0332 0.0762 0.0584 0.0447 0.0445 0.0336 0.0266 0.0216 0.0209 0.0888 0.0717 0.0539 0.067 0.0532 0.0358 0.0248 0.0223 0.0842 0.0595 0.0575 0.0725 0.0627 0.0423 0.0319 0.0408 0.0091
-7.000 -7.000 35 0.0865 0.0 0.0019 0.0027 0.0122 0.0244 0.0282 0.049 0.0617 0.0298 0.0228 0.0154 0.033 0.0672 0.0999 0.1092 0.12 0.0774 0.1067 0.0579 0.0656 0.0857 0.1396 0.1753 0.1733 0.0851 0.1501 0.1313 0.0838 0.0843 0.1019 0.132 0.1581 0.0877 0.1464 0.1723 0.1334 0.1057 0.1027 0.1024 0.1235 0.1004 0.1481 0.1849 0.1814 0.1539 0.1208 0.1059 0.1049 0.1125 0.1671 0.1972 0.197 0.2037 0.16 0.122 0.1067 0.1112 0.1685 0.1996 0.1939 0.2144 0.1981 0.1523 0.1367 0.1019
-7.000 -5.000 35 0.0704 0.0019 0.0 0.0015 0.013 0.0245 0.0281 0.0493 0.0616 0.0297 0.0058 0.0084 0.0296 0.0634 0.0919 0.0993 0.1102 0.084 0.0494 0.03 0.0582 0.0821 0.1419 0.169 0.1594 0.1037 0.104 0.0553 0.0627 0.0757 0.1025 0.1441 0.1677 0.1138 0.1174 0.0804 0.0727 0.0857 0.0942 0.101 0.1351 0.132 0.1299 0.1016 0.0954 0.104 0.0995 0.0943 0.1029 0.1464 0.1607 0.1219 0.1078 0.1294 0.1118 0.0988 0.0944 0.1481 0.1728 0.1317 0.1059 0.1374 0.1253 0.1078 0.1121 0.0746
-7.000 -3.000 35 0.0803 0.0027 0.0015 0.0 0.0133 0.0219 0.0246 0.0462 0.0578 0.0324 0.0082 0.0103 0.0303 0.0576 0.0781 0.0838 0.0957 0.0857 0.0384 0.0384 0.0633 0.0871 0.1451 0.1515 0.1333 0.0994 0.0754 0.0597 0.0753 0.0816 0.1163 0.1645 0.1651 0.1022 0.0834 0.0753 0.088 0.0934 0.1016 0.1213 0.1646 0.1139 0.0951 0.0897 0.1109 0.1128 0.1037 0.1021 0.1255 0.1238 0.1258 0.1008 0.1259 0.1376 0.1147 0.0995 0.1038 0.1236 0.1375 0.1013 0.1238 0.1517 0.1256 0.1066 0.1138 0.0858
-7.000 -1.000 35 0.0758 0.0122 0.013 0.0133 0.0 0.0058 0.0096 0.0333 0.0444 0.0475 0.027 0.0292 0.0249 0.0339 0.0458 0.0548 0.0704 0.1037 0.0602 0.0667 0.0682 0.0784 0.121 0.1013 0.086 0.1175 0.0986 0.0882 0.0806 0.081 0.1274 0.1422 0.1119 0.1186 0.1062 0.1028 0.0922 0.0902 0.1103 0.1399 0.1526 0.1287 0.1198 0.1164 0.1174 0.1051 0.1048 0.1199 0.1493 0.1408 0.1521 0.1245 0.1402 0.1245 0.1076 0.1077 0.1273 0.148 0.1569 0.1237 0.1464 0.1364 0.1114 0.1056 0.1283 0.0823
-7.000 1.000 35 0.0855 0.0244 0.0245 0.0219 0.0058 0.0 0.0069 0.0328 0.0422 0.0664 0.0477 0.0473 0.0317 0.0206 0.024 0.0422 0.061 0.1329 0.0929 0.0923 0.0721 0.0819 0.0821 0.0593 0.0616 0.1515 0.1246 0.1013 0.0802 0.1002 0.1199 0.0829 0.0577 0.1433 0.125 0.1066 0.093 0.113 0.1229 0.1089 0.0839 0.1483 0.1318 0.1168 0.1203 0.126 0.1231 0.1186 0.1053 0.1578 0.1558 0.1249 0.1457 0.1404 0.1256 0.1186 0.1121 0.1667 0.1467 0.1288 0.1546 0.1474 0.1272 0.1212 0.1304 0.0943
-7.000 3.000 35 0.1077 0.0282 0.0281 0.0246 0.0096 0.0069 0.0 0.0234 0.0273 0.0807 0.0646 0.0652 0.0492 0.0285 0.0193 0.0388 0.0477 0.1627 0.1244 0.1158 0.0926 0.0853 0.054 0.0494 0.057 0.1782 0.145 0.1123 0.0995 0.1066 0.0823 0.0485 0.0508 0.1554 0.1323 0.1189 0.1172 0.118 0.0845 0.055 0.06 0.1559 0.1407 0.1364 0.1471 0.1235 0.0839 0.0604 0.065 0.169 0.1635 0.1541 0.1692 0.129 0.0847 0.0608 0.0616 0.1786 0.1561 0.1651 0.1709 0.1275 0.0843 0.0657 0.0744 0.1156
-7.000 5.000 35 0.1196 0.049 0.0493 0.0462 0.0333 0.0328 0.0234 0.0 0.0033 0.1126 0.099 0.1002 0.0831 0.0565 0.0377 0.0241 0.0134 0.2088 0.1674 0.1503 0.1231 0.1059 0.0584 0.0438 0.0255 0.2078 0.1676 0.1376 0.1243 0.1092 0.0666 0.042 0.0295 0.173 0.1543 0.1433 0.1314 0.1013 0.0599 0.0448 0.045 0.1774 0.1664 0.1592 0.1434 0.091 0.0552 0.0498 0.0553 0.1954 0.1834 0.1684 0.1447 0.0863 0.0531 0.0484 0.0559 0.1991 0.1727 0.1627 0.1295 0.0784 0.0509 0.0524 0.0697 0.121
-7.000 7.000 35 0.1036 0.0617 0.0616 0.0578 0.0444 0.0422 0.0273 0.0033 0.0 0.1355 0.1225 0.1222 0.1015 0.0686 0.0428 0.0145 0.002 0.2399 0.1922 0.1673 0.1361 0.1074 0.0495 0.0216 0.0059 0.2175 0.1755 0.1452 0.1224 0.0881 0.0414 0.0158 0.0061 0.1775 0.1584 0.139 0.1109 0.0653 0.029 0.0207 0.0193 0.1821 0.1609 0.1413 0.1035 0.0479 0.0252 0.0284 0.0314 0.1914 0.1652 0.1327 0.0917 0.0427 0.0253 0.0295 0.0328 0.1804 0.1393 0.11 0.0727 0.0364 0.0258 0.0381 0.0474 0.0946
-5.000 -7.000 35 0.1359 0.0298 0.0297 0.0324 0.0475 0.0664 0.0807 0.1126 0.1355 0.0 0.0546 0.057 0.0764 0.1175 0.1679 0.1932 0.2143 0.0289 0.088 0.1057 0.114 0.1282 0.1693 0.2049 0.2129 0.033 0.0878 0.1356 0.1329 0.1286 0.1373 0.1494 0.1614 0.0353 0.0759 0.1215 0.1513 0.155 0.15 0.1414 0.1493 0.049 0.0793 0.113 0.1485 0.1819 0.1734 0.1563 0.1471 0.0611 0.1 0.1217 0.134 0.1881 0.1953 0.1757 0.1595 0.0599 0.1023 0.1244 0.1209 0.162 0.196 0.1932 0.1923 0.1491
-5.000 -5.000 25 0.0624 0.0228 0.0058 0.0082 0.027 0.0477 0.0646 0.099 0.1225 0.0546 0.0 0.013 0.0422 0.0879 0.1405 0.1664 0.1875 0.0769 0.0482 0.0322 0.0567 0.0799 0.1303 0.1689 0.1781 0.0877 0.094 0.0626 0.0567 0.0672 0.0867 0.1089 0.1279 0.0946 0.1022 0.0864 0.075 0.0777 0.0841 0.0857 0.1031 0.112 0.1129 0.1038 0.1011 0.1035 0.0924 0.0846 0.086 0.125 0.1426 0.1214 0.1117 0.1331 0.1122 0.0924 0.0847 0.126 0.1536 0.129 0.1085 0.1374 0.1311 0.1078 0.1071 0.0688
-5.000 -3.000 25 0.0585 0.0154 0.0084 0.0103 0.0292 0.0473 0.0652 0.1002 0.1222 0.057 0.013 0.0 0.0323 0.0768 0.1276 0.1513 0.1708 0.0884 0.0372 0.0267 0.0478 0.0685 0.1237 0.1591 0.165 0.0919 0.064 0.044 0.0535 0.0606 0.0812 0.1099 0.1303 0.0867 0.0684 0.0582 0.0657 0.072 0.0761 0.0795 0.1033 0.0962 0.0799 0.0717 0.0882 0.0915 0.0829 0.0758 0.0805 0.1051 0.1106 0.0823 0.1016 0.1167 0.0955 0.0799 0.0752 0.1061 0.1209 0.0822 0.0983 0.1287 0.1077 0.0894 0.0928 0.0641
-5.000 -1.000 25 0.0398 0.033 0.0296 0.0303 0.0249 0.0317 0.0492 0.0831 0.1015 0.0764 0.0422 0.0323 0.0 0.0435 0.0919 0.1133 0.1312 0.1186 0.068 0.0503 0.034 0.0464 0.105 0.1294 0.1293 0.1114 0.0808 0.0577 0.0416 0.0417 0.0727 0.1082 0.1196 0.0967 0.078 0.0676 0.0532 0.0526 0.0592 0.0748 0.1073 0.1009 0.0885 0.0793 0.0788 0.0691 0.0599 0.0593 0.0784 0.1116 0.1174 0.0862 0.1015 0.0898 0.0673 0.0558 0.0614 0.1202 0.1165 0.0853 0.1073 0.1022 0.0742 0.0597 0.0717 0.0447
-5.000 1.000 25 0.0491 0.0672 0.0634 0.0576 0.0339 0.0206 0.0285 0.0565 0.0686 0.1175 0.0879 0.0768 0.0435 0.0 0.0422 0.0613 0.0784 0.1623 0.108 0.0804 0.0472 0.0466 0.0776 0.0765 0.0729 0.1341 0.0955 0.0628 0.0456 0.0559 0.086 0.091 0.0752 0.1019 0.082 0.0654 0.0575 0.0668 0.0789 0.0896 0.0987 0.1044 0.0867 0.077 0.0844 0.0789 0.0765 0.0811 0.0961 0.1163 0.1091 0.0874 0.1084 0.0929 0.0785 0.074 0.0841 0.1251 0.0986 0.093 0.1156 0.0994 0.0799 0.074 0.0919 0.0543
-5.000 3.000 25 0.0861 0.0999 0.0919 0.0781 0.0458 0.024 0.0193 0.0377 0.0428 0.1679 0.1405 0.1276 0.0919 0.0422 0.0 0.0256 0.0434 0.2121 0.1542 0.1229 0.0903 0.0722 0.0351 0.0259 0.0313 0.1647 0.1271 0.0996 0.0862 0.08 0.0582 0.0287 0.0226 0.1307 0.115 0.1044 0.0977 0.0861 0.058 0.0379 0.0369 0.1398 0.1269 0.1221 0.1206 0.0885 0.0566 0.0428 0.0436 0.157 0.1473 0.1366 0.1356 0.0928 0.0571 0.0425 0.0418 0.1621 0.1388 0.1412 0.1323 0.0909 0.0566 0.0469 0.056 0.091
-5.000 5.000 25 0.0772 0.1092 0.0993 0.0838 0.0548 0.0422 0.0388 0.0241 0.0145 0.1932 0.1664 0.1513 0.1133 0.0613 0.0256 0.0 0.0128 0.236 0.1757 0.143 0.1106 0.0822 0.0289 0.0144 0.0122 0.1746 0.139 0.1116 0.0908 0.0661 0.0302 0.0121 0.0108 0.1401 0.1238 0.1081 0.0879 0.0538 0.024 0.0164 0.0252 0.1491 0.131 0.1179 0.0909 0.0443 0.0214 0.0219 0.033 0.162 0.1417 0.1179 0.0891 0.0426 0.0209 0.0209 0.0324 0.154 0.1231 0.1051 0.0754 0.0374 0.02 0.0256 0.0457 0.0743
-5.000 7.000 35 0.0617 0.12 0.1102 0.0957 0.0704 0.061 0.0477 0.0134 0.002 0.2143 0.1875 0.1708 0.1312 0.0784 0.0434 0.0128 0.0 0.25 0.1875 0.1533 0.1195 0.0854 0.0297 0.0103 0.0025 0.1747 0.1386 0.1083 0.0818 0.0511 0.0185 0.0058 0.0024 0.1342 0.115 0.0953 0.0681 0.0316 0.012 0.0142 0.0171 0.1393 0.117 0.097 0.0606 0.0218 0.0139 0.0234 0.0286 0.1471 0.1156 0.0847 0.0563 0.0239 0.0174 0.0251 0.0299 0.1233 0.0877 0.0675 0.0448 0.0223 0.0198 0.0347 0.0445 0.0539
-3.000 -7.000 35 0.0908 0.0774 0.084 0.0857 0.1037 0.1329 0.1627 0.2088 0.2399 0.0289 0.0769 0.0884 0.1186 0.1623 0.2121 0.236 0.25 0.0 0.0404 0.0881 0.1061 0.1193 0.1478 0.1756 0.1761 0.0086 0.0296 0.0632 0.0849 0.0973 0.112 0.1204 0.1258 0.0139 0.0288 0.0501 0.0764 0.1009 0.1121 0.1125 0.1231 0.0306 0.0417 0.0547 0.0724 0.108 0.1166 0.1133 0.1119 0.0431 0.0668 0.0758 0.0677 0.1056 0.1229 0.1188 0.1151 0.0422 0.0706 0.0845 0.0685 0.0835 0.1118 0.1223 0.1351 0.0896
-3.000 -5.000 25 0.0513 0.1067 0.0494 0.0384 0.0602 0.0929 0.1244 0.1674 0.1922 0.088 0.0482 0.0372 0.068 0.108 0.1542 0.1757 0.1875 0.0404 0.0 0.0312 0.0492 0.0621 0.0924 0.12 0.1204 0.0329 0.0328 0.0401 0.0471 0.0537 0.0661 0.074 0.0794 0.0372 0.04 0.0482 0.0583 0.0693 0.0731 0.0701 0.0796 0.0552 0.0526 0.0588 0.0714 0.0929 0.0867 0.0768 0.0725 0.0675 0.0838 0.0745 0.0722 0.1083 0.1064 0.0905 0.081 0.0685 0.0952 0.0812 0.0661 0.0979 0.1148 0.1061 0.1068 0.0608
-3.000 -3.000 15 0.0279 0.0579 0.03 0.0384 0.0667 0.0923 0.1158 0.1503 0.1673 0.1057 0.0322 0.0267 0.0503 0.0804 0.1229 0.143 0.1533 0.0881 0.0312 0.0 0.0246 0.0373 0.0704 0.0975 0.0975 0.0594 0.0357 0.017 0.0225 0.0304 0.0445 0.0545 0.0612 0.0524 0.0389 0.0324 0.0376 0.0444 0.0489 0.0475 0.0595 0.0646 0.0533 0.0466 0.0605 0.0673 0.0589 0.0508 0.0495 0.0755 0.0853 0.0574 0.0721 0.0934 0.0758 0.059 0.052 0.0805 0.0945 0.0573 0.068 0.1015 0.09 0.0715 0.0742 0.0355
-3.000 -1.000 15 0.0142 0.0656 0.0582 0.0633 0.0682 0.0721 0.0926 0.1231 0.1361 0.114 0.0567 0.0478 0.034 0.0472 0.0903 0.1106 0.1195 0.1061 0.0492 0.0246 0.0 0.0135 0.0524 0.078 0.0773 0.0681 0.0431 0.0227 0.0121 0.0142 0.0294 0.0418 0.0494 0.0552 0.0431 0.0355 0.0282 0.03 0.0326 0.0322 0.0473 0.0695 0.0584 0.0497 0.0564 0.0492 0.0399 0.0328 0.0353 0.0846 0.0865 0.0583 0.0798 0.0719 0.051 0.0372 0.033 0.0964 0.0817 0.0592 0.0857 0.0848 0.06 0.0451 0.0514 0.0218
-3.000 1.000 15 0.0161 0.0857 0.0821 0.0871 0.0784 0.0819 0.0853 0.1059 0.1074 0.1282 0.0799 0.0685 0.0464 0.0466 0.0722 0.0822 0.0854 0.1193 0.0621 0.0373 0.0135 0.0 0.0406 0.0578 0.0541 0.0725 0.0481 0.0276 0.0142 0.0145 0.027 0.0384 0.0422 0.0593 0.0481 0.0383 0.0307 0.0309 0.0278 0.0288 0.0463 0.0765 0.0642 0.0555 0.059 0.0455 0.0319 0.0262 0.0345 0.0953 0.085 0.0689 0.0822 0.0611 0.0383 0.0261 0.0261 0.1007 0.0755 0.0756 0.0882 0.0683 0.0426 0.0311 0.0408 0.0244
-3.000 3.000 15 0.0354 0.1396 0.1419 0.1451 0.121 0.0821 0.054 0.0584 0.0495 0.1693 0.1303 0.1237 0.105 0.0776 0.0351 0.0289 0.0297 0.1478 0.0924 0.0704 0.0524 0.0406 0.0 0.011 0.01 0.0934 0.0708 0.052 0.0393 0.0297 0.0175 0.0123 0.01 0.0795 0.0696 0.0608 0.05 0.035 0.0178 0.0171 0.0257 0.0996 0.0855 0.0801 0.0686 0.0378 0.0178 0.0175 0.0263 0.1198 0.1037 0.0899 0.0796 0.0436 0.0194 0.0154 0.0214 0.1163 0.0931 0.0885 0.0751 0.0428 0.0196 0.0189 0.034 0.0415
-3.000 5.000 25 0.0404 0.1753 0.169 0.1515 0.1013 0.0593 0.0494 0.0438 0.0216 0.2049 0.1689 0.1591 0.1294 0.0765 0.0259 0.0144 0.0103 0.1756 0.12 0.0975 0.078 0.0578 0.011 0.0 0.002 0.1092 0.0859 0.0654 0.0491 0.0309 0.0099 0.0015 0.0022 0.0941 0.0829 0.0713 0.0518 0.0237 0.008 0.0091 0.0193 0.1165 0.0978 0.0834 0.0541 0.0199 0.0091 0.0151 0.0253 0.129 0.1019 0.078 0.056 0.0233 0.0107 0.0145 0.0245 0.1097 0.0799 0.0661 0.047 0.021 0.0111 0.0198 0.0381 0.0387
-3.000 7.000 35 0.0318 0.1733 0.1594 0.1333 0.086 0.0616 0.057 0.0255 0.0059 0.2129 0.1781 0.165 0.1293 0.0729 0.0313 0.0122 0.0025 0.1761 0.1204 0.0975 0.0773 0.0541 0.01 0.002 0.0 0.103 0.0799 0.0594 0.0425 0.0237 0.0061 0.0017 0.0012 0.0881 0.0767 0.0638 0.0409 0.0145 0.008 0.015 0.0188 0.1114 0.0883 0.0691 0.0387 0.0156 0.0154 0.0247 0.0292 0.115 0.0827 0.0611 0.0447 0.0229 0.0203 0.0259 0.0301 0.0848 0.0617 0.0518 0.0381 0.0234 0.0227 0.0362 0.0447 0.0282
-1.000 -7.000 35 0.055 0.0851 0.1037 0.0994 0.1175 0.1515 0.1782 0.2078 0.2175 0.033 0.0877 0.0919 0.1114 0.1341 0.1647 0.1746 0.1747 0.0086 0.0329 0.0594 0.0681 0.0725 0.0934 0.1092 0.103 0.0 0.0122 0.0325 0.0489 0.061 0.076 0.0818 0.0848 0.0071 0.015 0.028 0.0466 0.0701 0.0814 0.0822 0.0914 0.0265 0.0326 0.0417 0.0486 0.0788 0.0888 0.0863 0.0838 0.0376 0.0569 0.0692 0.0542 0.077 0.0939 0.0935 0.0916 0.0361 0.0587 0.0759 0.0641 0.0641 0.0791 0.0903 0.1083 0.0573
-1.000 -5.000 25 0.0405 0.1501 0.104 0.0754 0.0986 0.1246 0.145 0.1676 0.1755 0.0878 0.094 0.064 0.0808 0.0955 0.1271 0.139 0.1386 0.0296 0.0328 0.0357 0.0431 0.0481 0.0708 0.0859 0.0799 0.0122 0.0 0.0177 0.0329 0.0443 0.059 0.0643 0.0672 0.0156 0.0129 0.0203 0.0375 0.0582 0.0674 0.0671 0.0763 0.0358 0.0302 0.0334 0.0435 0.0725 0.0776 0.0726 0.0694 0.0471 0.0633 0.053 0.0446 0.0774 0.0895 0.083 0.0778 0.0486 0.0748 0.0615 0.0436 0.0622 0.0837 0.0888 0.1003 0.0453
-1.000 -3.000 15 0.0234 0.1313 0.0553 0.0597 0.0882 0.1013 0.1123 0.1376 0.1452 0.1356 0.0626 0.044 0.0577 0.0628 0.0996 0.1116 0.1083 0.0632 0.0401 0.017 0.0227 0.0276 0.052 0.0654 0.0594 0.0325 0.0177 0.0 0.0157 0.0269 0.0419 0.0469 0.0498 0.0293 0.02 0.0158 0.0264 0.0419 0.0491 0.0485 0.0584 0.0473 0.0376 0.0299 0.0441 0.0624 0.0599 0.0531 0.0501 0.0604 0.0692 0.0402 0.0513 0.0816 0.0755 0.0635 0.0566 0.0692 0.0748 0.0397 0.046 0.0801 0.0856 0.0752 0.0805 0.0299
-1.000 -1.000 5 0.0074 0.0838 0.0627 0.0753 0.0806 0.0802 0.0995 0.1243 0.1224 0.1329 0.0567 0.0535 0.0416 0.0456 0.0862 0.0908 0.0818 0.0849 0.0471 0.0225 0.0121 0.0142 0.0393 0.0491 0.0425 0.0489 0.0329 0.0157 0.0 0.0121 0.0276 0.0322 0.0352 0.045 0.0349 0.0251 0.0185 0.025 0.0306 0.0306 0.0421 0.0653 0.0504 0.0387 0.047 0.0438 0.0383 0.0321 0.0313 0.0801 0.072 0.0471 0.069 0.0668 0.0499 0.0374 0.033 0.0869 0.0619 0.0487 0.0736 0.0781 0.0591 0.0461 0.0533 0.0148
-1.000 1.000 5 0.0084 0.0843 0.0757 0.0816 0.081 0.1002 0.1066 0.1092 0.0881 0.1286 0.0672 0.0606 0.0417 0.0559 0.08 0.0661 0.0511 0.0973 0.0537 0.0304 0.0142 0.0145 0.0297 0.0309 0.0237 0.061 0.0443 0.0269 0.0121 0.0 0.013 0.016 0.0191 0.0599 0.0499 0.0395 0.0262 0.0173 0.0145 0.0144 0.0276 0.0843 0.0668 0.0562 0.05 0.031 0.0196 0.0135 0.0156 0.0996 0.0805 0.0661 0.069 0.0464 0.0266 0.0156 0.0147 0.0926 0.0695 0.0691 0.0725 0.053 0.0312 0.0215 0.0307 0.0157
-1.000 3.000 15 0.0219 0.1019 0.1025 0.1163 0.1274 0.1199 0.0823 0.0666 0.0414 0.1373 0.0867 0.0812 0.0727 0.086 0.0582 0.0302 0.0185 0.112 0.0661 0.0445 0.0294 0.027 0.0175 0.0099 0.0061 0.076 0.059 0.0419 0.0276 0.013 0.0 0.0043 0.0092 0.0777 0.0676 0.0561 0.037 0.0146 0.0039 0.006 0.0213 0.1048 0.0835 0.068 0.0462 0.018 0.006 0.0056 0.013 0.1134 0.0869 0.0677 0.0547 0.0253 0.0087 0.0046 0.0088 0.0924 0.0702 0.0634 0.0503 0.0255 0.0095 0.0091 0.0233 0.0243
-1.000 5.000 25 0.0245 0.132 0.1441 0.1645 0.1422 0.0829 0.0485 0.042 0.0158 0.1494 0.1089 0.1099 0.1082 0.091 0.0287 0.0121 0.0058 0.1204 0.074 0.0545 0.0418 0.0384 0.0123 0.0015 0.0017 0.0818 0.0643 0.0469 0.0322 0.016 0.0043 0.0 0.0065 0.0834 0.0722 0.0587 0.0356 0.0121 0.0052 0.0087 0.021 0.1083 0.0822 0.0626 0.0368 0.0128 0.0077 0.0126 0.0206 0.1058 0.0755 0.0584 0.0428 0.018 0.0092 0.0113 0.019 0.076 0.0574 0.0494 0.0353 0.016 0.0094 0.0169 0.0329 0.0233
-1.000 7.000 35 0.0283 0.1581 0.1677 0.1651 0.1119 0.0577 0.0508 0.0295 0.0061 0.1614 0.1279 0.1303 0.1196 0.0752 0.0226 0.0108 0.0024 0.1258 0.0794 0.0612 0.0494 0.0422 0.01 0.0022 0.0012 0.0848 0.0672 0.0498 0.0352 0.0191 0.0092 0.0065 0.0 0.0886 0.0772 0.0634 0.0402 0.02 0.018 0.0209 0.0187 0.1133 0.0857 0.0671 0.0438 0.0252 0.0231 0.0246 0.0241 0.1061 0.078 0.0648 0.0505 0.0294 0.0228 0.0227 0.0238 0.0768 0.0624 0.0541 0.0401 0.0254 0.0221 0.033 0.0381 0.0281
1.000 -7.000 35 0.0538 0.0877 0.1138 0.1022 0.1186 0.1433 0.1554 0.173 0.1775 0.0353 0.0946 0.0867 0.0967 0.1019 0.1307 0.1401 0.1342 0.0139 0.0372 0.0524 0.0552 0.0593 0.0795 0.0941 0.0881 0.0071 0.0156 0.0293 0.045 0.0599 0.0777 0.0834 0.0886 0.0 0.0129 0.0273 0.0443 0.0703 0.0834 0.084 0.0911 0.0216 0.0316 0.0471 0.0505 0.0761 0.0875 0.0867 0.0848 0.0278 0.0468 0.0721 0.0646 0.0774 0.0892 0.0903 0.0919 0.0248 0.0436 0.0657 0.0679 0.0714 0.078 0.0842 0.1026 0.0565
1.000 -5.000 25 0.0432 0.1464 0.1174 0.0834 0.1062 0.125 0.1323 0.1543 0.1584 0.0759 0.1022 0.0684 0.078 0.082 0.115 0.1238 0.115 0.0288 0.04 0.0389 0.0431 0.0481 0.0696 0.0829 0.0767 0.015 0.0129 0.02 0.0349 0.0499 0.0676 0.0722 0.0772 0.0129 0.0 0.0145 0.0321 0.0581 0.0704 0.0705 0.0776 0.0306 0.0214 0.0267 0.0334 0.0619 0.0727 0.0716 0.0696 0.0372 0.0536 0.0478 0.0373 0.0592 0.0739 0.0748 0.0759 0.0391 0.063 0.0545 0.0405 0.0459 0.0602 0.0693 0.0881 0.0449
1.000 -3.000 15 0.0317 0.1723 0.0804 0.0753 0.1028 0.1066 0.1189 0.1433 0.139 0.1215 0.0864 0.0582 0.0676 0.0654 0.1044 0.1081 0.0953 0.0501 0.0482 0.0324 0.0355 0.0383 0.0608 0.0713 0.0638 0.028 0.0203 0.0158 0.0251 0.0395 0.0561 0.0587 0.0634 0.0273 0.0145 0.0 0.0195 0.0451 0.0558 0.0551 0.0622 0.0475 0.0294 0.0138 0.0247 0.0517 0.0588 0.0561 0.0537 0.0574 0.0539 0.0234 0.0278 0.0586 0.0668 0.0626 0.0611 0.0629 0.0525 0.0225 0.0234 0.0479 0.0623 0.0659 0.0795 0.0321
1.000 -1.000 5 0.0179 0.1334 0.0727 0.088 0.0922 0.093 0.1172 0.1314 0.1109 0.1513 0.075 0.0657 0.0532 0.0575 0.0977 0.0879 0.0681 0.0764 0.0583 0.0376 0.0282 0.0307 0.05 0.0518 0.0409 0.0466 0.0375 0.0264 0.0185 0.0262 0.037 0.0356 0.0402 0.0443 0.0321 0.0195 0.0 0.022 0.0299 0.0286 0.0363 0.0661 0.0428 0.0243 0.0265 0.0325 0.0332 0.0294 0.0273 0.0696 0.0493 0.0299 0.0458 0.0519 0.0436 0.0347 0.0323 0.06 0.036 0.0308 0.0485 0.0587 0.05 0.0427 0.0513 0.0128
1.000 1.000 5 0.0171 0.1057 0.0857 0.0934 0.0902 0.113 0.118 0.1013 0.0653 0.155 0.0777 0.072 0.0526 0.0668 0.0861 0.0538 0.0316 0.1009 0.0693 0.0444 0.03 0.0309 0.035 0.0237 0.0145 0.0701 0.0582 0.0419 0.025 0.0173 0.0146 0.0121 0.02 0.0703 0.0581 0.0451 0.022 0.0 0.0074 0.0077 0.0174 0.0924 0.0662 0.0477 0.0327 0.0141 0.0104 0.0077 0.0074 0.0887 0.0646 0.0511 0.0477 0.03 0.0171 0.01 0.0097 0.0685 0.051 0.0502 0.0497 0.036 0.021 0.0155 0.0274 0.0107
1.000 3.000 15 0.0218 0.1027 0.0942 0.1016 0.1103 0.1229 0.0845 0.0599 0.029 0.15 0.0841 0.0761 0.0592 0.0789 0.058 0.024 0.012 0.1121 0.0731 0.0489 0.0326 0.0278 0.0178 0.008 0.008 0.0814 0.0674 0.0491 0.0306 0.0145 0.0039 0.0052 0.018 0.0834 0.0704 0.0558 0.0299 0.0074 0.0 0.003 0.0148 0.1036 0.0747 0.0548 0.0336 0.0104 0.0027 0.0018 0.0037 0.092 0.0665 0.0529 0.0415 0.0174 0.0055 0.002 0.004 0.0659 0.052 0.0457 0.0357 0.0171 0.0063 0.007 0.0206 0.0182
1.000 5.000 25 0.0217 0.1024 0.101 0.1213 0.1399 0.1089 0.055 0.0448 0.0207 0.1414 0.0857 0.0795 0.0748 0.0896 0.0379 0.0164 0.0142 0.1125 0.0701 0.0475 0.0322 0.0288 0.0171 0.0091 0.015 0.0822 0.0671 0.0485 0.0306 0.0144 0.006 0.0087 0.0209 0.084 0.0705 0.0551 0.0286 0.0077 0.003 0.0 0.0122 0.1035 0.0734 0.0538 0.0314 0.0093 0.0024 0.0019 0.0044 0.0868 0.0616 0.0486 0.034 0.0108 0.0025 0.0012 0.0056 0.0575 0.0445 0.0362 0.0224 0.0076 0.0024 0.0083 0.0213 0.0183
1.000 7.000 35 0.0332 0.1235 0.1351 0.1646 0.1526 0.0839 0.06 0.045 0.0193 0.1493 0.1031 0.1033 0.1073 0.0987 0.0369 0.0252 0.0171 0.1231 0.0796 0.0595 0.0473 0.0463 0.0257 0.0193 0.0188 0.0914 0.0763 0.0584 0.0421 0.0276 0.0213 0.021 0.0187 0.0911 0.0776 0.0622 0.0363 0.0174 0.0148 0.0122 0.0 0.1089 0.078 0.0589 0.0358 0.0141 0.0072 0.0048 0.0028 0.0868 0.0619 0.0488 0.0325 0.0106 0.0034 0.0035 0.0053 0.0531 0.0397 0.0297 0.0169 0.0059 0.0041 0.0178 0.0214 0.0282
3.000 -7.000 35 0.0762 0.1004 0.132 0.1139 0.1287 0.1483 0.1559 0.1774 0.1821 0.049 0.112 0.0962 0.1009 0.1044 0.1398 0.1491 0.1393 0.0306 0.0552 0.0646 0.0695 0.0765 0.0996 0.1165 0.1114 0.0265 0.0358 0.0473 0.0653 0.0843 0.1048 0.1083 0.1133 0.0216 0.0306 0.0475 0.0661 0.0924 0.1036 0.1035 0.1089 0.0 0.0229 0.0574 0.0652 0.0901 0.1027 0.1024 0.1002 0.0029 0.0154 0.0421 0.0501 0.0688 0.083 0.0871 0.093 0.002 0.0122 0.0265 0.0341 0.0431 0.0532 0.0626 0.0839 0.079
3.000 -5.000 25 0.0584 0.1481 0.1299 0.0951 0.1198 0.1318 0.1407 0.1664 0.1609 0.0793 0.1129 0.0799 0.0885 0.0867 0.1269 0.131 0.117 0.0417 0.0526 0.0533 0.0584 0.0642 0.0855 0.0978 0.0883 0.0326 0.0302 0.0376 0.0504 0.0668 0.0835 0.0822 0.0857 0.0316 0.0214 0.0294 0.0428 0.0662 0.0747 0.0734 0.078 0.0229 0.0 0.0284 0.0331 0.0586 0.0706 0.0699 0.0676 0.0157 0.0244 0.0308 0.0299 0.0468 0.059 0.0615 0.0662 0.0178 0.0304 0.0293 0.0247 0.0299 0.0383 0.046 0.0657 0.0557
3.000 -3.000 15 0.0447 0.1849 0.1016 0.0897 0.1164 0.1168 0.1364 0.1592 0.1413 0.113 0.1038 0.0717 0.0793 0.077 0.1221 0.1179 0.097 0.0547 0.0588 0.0466 0.0497 0.0555 0.0801 0.0834 0.0691 0.0417 0.0334 0.0299 0.0387 0.0562 0.068 0.0626 0.0671 0.0471 0.0267 0.0138 0.0243 0.0477 0.0548 0.0538 0.0589 0.0574 0.0284 0.0 0.0122 0.042 0.0541 0.0534 0.0515 0.0438 0.0301 0.0079 0.0105 0.0329 0.0454 0.0474 0.0518 0.0387 0.023 0.0068 0.0076 0.0203 0.0318 0.0393 0.0582 0.0409
3.000 -1.000 15 0.0445 0.1814 0.0954 0.1109 0.1174 0.1203 0.1471 0.1434 0.1035 0.1485 0.1011 0.0882 0.0788 0.0844 0.1206 0.0909 0.0606 0.0724 0.0714 0.0605 0.0564 0.059 0.0686 0.0541 0.0387 0.0486 0.0435 0.0441 0.047 0.05 0.0462 0.0368 0.0438 0.0505 0.0334 0.0247 0.0265 0.0327 0.0336 0.0314 0.0358 0.0652 0.0331 0.0122 0.0 0.0245 0.0322 0.0298 0.0274 0.0452 0.0253 0.0113 0.0171 0.0292 0.0329 0.0307 0.0332 0.0264 0.0122 0.011 0.0191 0.0293 0.0307 0.0312 0.046 0.0348
3.000 1.000 15 0.0336 0.1539 0.104 0.1128 0.1051 0.126 0.1235 0.091 0.0479 0.1819 0.1035 0.0915 0.0691 0.0789 0.0885 0.0443 0.0218 0.108 0.0929 0.0673 0.0492 0.0455 0.0378 0.0199 0.0156 0.0788 0.0725 0.0624 0.0438 0.031 0.018 0.0128 0.0252 0.0761 0.0619 0.0517 0.0325 0.0141 0.0104 0.0093 0.0141 0.0901 0.0586 0.042 0.0245 0.0 0.0082 0.0073 0.0062 0.0638 0.0443 0.0338 0.0281 0.0145 0.0105 0.0082 0.0115 0.0402 0.0309 0.0294 0.0271 0.0189 0.012 0.0107 0.0259 0.025
3.000 3.000 15 0.0266 0.1208 0.0995 0.1037 0.1048 0.1231 0.0839 0.0552 0.0252 0.1734 0.0924 0.0829 0.0599 0.0765 0.0566 0.0214 0.0139 0.1166 0.0867 0.0589 0.0399 0.0319 0.0178 0.0091 0.0154 0.0888 0.0776 0.0599 0.0383 0.0196 0.006 0.0077 0.0231 0.0875 0.0727 0.0588 0.0332 0.0104 0.0027 0.0024 0.0072 0.1027 0.0706 0.0541 0.0322 0.0082 0.0 0.0007 0.0008 0.0718 0.0518 0.0412 0.0299 0.0101 0.0025 0.001 0.0055 0.044 0.0347 0.0293 0.0209 0.0088 0.003 0.0059 0.021 0.0213
3.000 5.000 25 0.0216 0.1059 0.0943 0.1021 0.1199 0.1186 0.0604 0.0498 0.0284 0.1563 0.0846 0.0758 0.0593 0.0811 0.0428 0.0219 0.0234 0.1133 0.0768 0.0508 0.0328 0.0262 0.0175 0.0151 0.0247 0.0863 0.0726 0.0531 0.0321 0.0135 0.0056 0.0126 0.0246 0.0867 0.0716 0.0561 0.0294 0.0077 0.0018 0.0019 0.0048 0.1024 0.0699 0.0534 0.0298 0.0073 0.0007 0.0 0.0005 0.0685 0.0485 0.0381 0.0254 0.0067 0.0008 0.0005 0.0052 0.0369 0.0274 0.0209 0.0124 0.0036 0.0016 0.0095 0.0214 0.0171
3.000 7.000 35 0.0209 0.1049 0.1029 0.1255 0.1493 0.1053 0.065 0.0553 0.0314 0.1471 0.086 0.0805 0.0784 0.0961 0.0436 0.033 0.0286 0.1119 0.0725 0.0495 0.0353 0.0345 0.0263 0.0253 0.0292 0.0838 0.0694 0.0501 0.0313 0.0156 0.013 0.0206 0.0241 0.0848 0.0696 0.0537 0.0273 0.0074 0.0037 0.0044 0.0028 0.1002 0.0676 0.0515 0.0274 0.0062 0.0008 0.0005 0.0 0.0643 0.0445 0.0347 0.0221 0.0054 0.0015 0.0038 0.0062 0.03 0.0212 0.0155 0.0089 0.0038 0.0085 0.0236 0.0225 0.016
5.000 -7.000 35 0.0888 0.1125 0.1464 0.1238 0.1408 0.1578 0.169 0.1954 0.1914 0.0611 0.125 0.1051 0.1116 0.1163 0.157 0.162 0.1471 0.0431 0.0675 0.0755 0.0846 0.0953 0.1198 0.129 0.115 0.0376 0.0471 0.0604 0.0801 0.0996 0.1134 0.1058 0.1061 0.0278 0.0372 0.0574 0.0696 0.0887 0.092 0.0868 0.0868 0.0029 0.0157 0.0438 0.0452 0.0638 0.0718 0.0685 0.0643 0.0 0.0056 0.0229 0.0234 0.0343 0.0429 0.0432 0.0477 0.0004 0.0042 0.0095 0.0119 0.0156 0.0194 0.0237 0.0406 0.0838
5.000 -5.000 25 0.0717 0.1671 0.1607 0.1258 0.1521 0.1558 0.1635 0.1834 0.1652 0.1 0.1426 0.1106 0.1174 0.1091 0.1473 0.1417 0.1156 0.0668 0.0838 0.0853 0.0865 0.085 0.1037 0.1019 0.0827 0.0569 0.0633 0.0692 0.072 0.0805 0.0869 0.0755 0.078 0.0468 0.0536 0.0539 0.0493 0.0646 0.0665 0.0616 0.0619 0.0154 0.0244 0.0301 0.0253 0.0443 0.0518 0.0485 0.0445 0.0056 0.0 0.0107 0.0092 0.0206 0.0288 0.0288 0.0333 0.0055 0.0066 0.006 0.0055 0.0082 0.0116 0.0157 0.0323 0.0631
5.000 -3.000 25 0.0539 0.1972 0.1219 0.1008 0.1245 0.1249 0.1541 0.1684 0.1327 0.1217 0.1214 0.0823 0.0862 0.0874 0.1366 0.1179 0.0847 0.0758 0.0745 0.0574 0.0583 0.0689 0.0899 0.078 0.0611 0.0692 0.053 0.0402 0.0471 0.0661 0.0677 0.0584 0.0648 0.0721 0.0478 0.0234 0.0299 0.0511 0.0529 0.0486 0.0488 0.0421 0.0308 0.0079 0.0113 0.0338 0.0412 0.0381 0.0347 0.0229 0.0107 0.0 0.0029 0.0171 0.0253 0.0252 0.0301 0.0113 0.0045 0.0006 0.0013 0.006 0.0105 0.0152 0.0322 0.0472
5.000 -1.000 25 0.067 0.197 0.1078 0.1259 0.1402 0.1457 0.1692 0.1447 0.0917 0.134 0.1117 0.1016 0.1015 0.1084 0.1356 0.0891 0.0563 0.0677 0.0722 0.0721 0.0798 0.0822 0.0796 0.056 0.0447 0.0542 0.0446 0.0513 0.069 0.069 0.0547 0.0428 0.0505 0.0646 0.0373 0.0278 0.0458 0.0477 0.0415 0.034 0.0325 0.0501 0.0299 0.0105 0.0171 0.0281 0.0299 0.0254 0.0221 0.0234 0.0092 0.0029 0.0 0.0131 0.0185 0.0171 0.0222 0.008 0.0028 0.0018 0.0033 0.0078 0.0106 0.0141 0.0302 0.0552
5.000 1.000 25 0.0532 0.2037 0.1294 0.1376 0.1245 0.1404 0.129 0.0863 0.0427 0.1881 0.1331 0.1167 0.0898 0.0929 0.0928 0.0426 0.0239 0.1056 0.1083 0.0934 0.0719 0.0611 0.0436 0.0233 0.0229 0.077 0.0774 0.0816 0.0668 0.0464 0.0253 0.018 0.0294 0.0774 0.0592 0.0586 0.0519 0.03 0.0174 0.0108 0.0106 0.0688 0.0468 0.0329 0.0292 0.0145 0.0101 0.0067 0.0054 0.0343 0.0206 0.0171 0.0131 0.0 0.0044 0.0038 0.0105 0.0149 0.0107 0.0095 0.0078 0.0042 0.0031 0.0061 0.022 0.0442
5.000 3.000 25 0.0358 0.16 0.1118 0.1147 0.1076 0.1256 0.0847 0.0531 0.0253 0.1953 0.1122 0.0955 0.0673 0.0785 0.0571 0.0209 0.0174 0.1229 0.1064 0.0758 0.051 0.0383 0.0194 0.0107 0.0203 0.0939 0.0895 0.0755 0.0499 0.0266 0.0087 0.0092 0.0228 0.0892 0.0739 0.0668 0.0436 0.0171 0.0055 0.0025 0.0034 0.083 0.059 0.0454 0.0329 0.0105 0.0025 0.0008 0.0015 0.0429 0.0288 0.0253 0.0185 0.0044 0.0 0.0007 0.0096 0.0182 0.0136 0.0112 0.0076 0.0025 0.0008 0.0052 0.0213 0.0303
5.000 5.000 25 0.0248 0.122 0.0988 0.0995 0.1077 0.1186 0.0608 0.0484 0.0295 0.1757 0.0924 0.0799 0.0558 0.074 0.0425 0.0209 0.0251 0.1188 0.0905 0.059 0.0372 0.0261 0.0154 0.0145 0.0259 0.0935 0.083 0.0635 0.0374 0.0156 0.0046 0.0113 0.0227 0.0903 0.0748 0.0626 0.0347 0.01 0.002 0.0012 0.0035 0.0871 0.0615 0.0474 0.0307 0.0082 0.001 0.0005 0.0038 0.0432 0.0288 0.0252 0.0171 0.0038 0.0007 0.0 0.0112 0.0157 0.0112 0.0089 0.0059 0.0024 0.0038 0.011 0.0215 0.0213
5.000 7.000 35 0.0223 0.1067 0.0944 0.1038 0.1273 0.1121 0.0616 0.0559 0.0328 0.1595 0.0847 0.0752 0.0614 0.0841 0.0418 0.0324 0.0299 0.1151 0.081 0.052 0.033 0.0261 0.0214 0.0245 0.0301 0.0916 0.0778 0.0566 0.033 0.0147 0.0088 0.019 0.0238 0.0919 0.0759 0.0611 0.0323 0.0097 0.004 0.0056 0.0053 0.093 0.0662 0.0518 0.0332 0.0115 0.0055 0.0052 0.0062 0.0477 0.0333 0.0301 0.0222 0.0105 0.0096 0.0112 0.0 0.0215 0.0182 0.0174 0.0166 0.0169 0.0234 0.0247 0.0116 0.0198
7.000 -7.000 35 0.0842 0.1112 0.1481 0.1236 0.148 0.1667 0.1786 0.1991 0.1804 0.0599 0.126 0.1061 0.1202 0.1251 0.1621 0.154 0.1233 0.0422 0.0685 0.0805 0.0964 0.1007 0.1163 0.1097 0.0848 0.0361 0.0486 0.0692 0.0869 0.0926 0.0924 0.076 0.0768 0.0248 0.0391 0.0629 0.06 0.0685 0.0659 0.0575 0.0531 0.002 0.0178 0.0387 0.0264 0.0402 0.044 0.0369 0.03 0.0004 0.0055 0.0113 0.008 0.0149 0.0182 0.0157 0.0215 0.0 0.0012 0.0026 0.0024 0.0036 0.0047 0.0066 0.0213 0.0722
7.000 -5.000 35 0.0595 0.1685 0.1728 0.1375 0.1569 0.1467 0.1561 0.1727 0.1393 0.1023 0.1536 0.1209 0.1165 0.0986 0.1388 0.1231 0.0877 0.0706 0.0952 0.0945 0.0817 0.0755 0.0931 0.0799 0.0617 0.0587 0.0748 0.0748 0.0619 0.0695 0.0702 0.0574 0.0624 0.0436 0.063 0.0525 0.036 0.051 0.052 0.0445 0.0397 0.0122 0.0304 0.023 0.0122 0.0309 0.0347 0.0274 0.0212 0.0042 0.0066 0.0045 0.0028 0.0107 0.0136 0.0112 0.0182 0.0012 0.0 0.0006 0.0005 0.0018 0.0029 0.005 0.0199 0.0499
7.000 -3.000 35 0.0575 0.1996 0.1317 0.1013 0.1237 0.1288 0.1651 0.1627 0.11 0.1244 0.129 0.0822 0.0853 0.093 0.1412 0.1051 0.0675 0.0845 0.0812 0.0573 0.0592 0.0756 0.0885 0.0661 0.0518 0.0759 0.0615 0.0397 0.0487 0.0691 0.0634 0.0494 0.0541 0.0657 0.0545 0.0225 0.0308 0.0502 0.0457 0.0362 0.0297 0.0265 0.0293 0.0068 0.011 0.0294 0.0293 0.0209 0.0155 0.0095 0.006 0.0006 0.0018 0.0095 0.0112 0.0089 0.0174 0.0026 0.0006 0.0 0.0002 0.0018 0.0029 0.0052 0.0203 0.0492
7.000 -1.000 35 0.0725 0.1939 0.1059 0.1238 0.1464 0.1546 0.1709 0.1295 0.0727 0.1209 0.1085 0.0983 0.1073 0.1156 0.1323 0.0754 0.0448 0.0685 0.0661 0.068 0.0857 0.0882 0.0751 0.047 0.0381 0.0641 0.0436 0.046 0.0736 0.0725 0.0503 0.0353 0.0401 0.0679 0.0405 0.0234 0.0485 0.0497 0.0357 0.0224 0.0169 0.0341 0.0247 0.0076 0.0191 0.0271 0.0209 0.0124 0.0089 0.0119 0.0055 0.0013 0.0033 0.0078 0.0076 0.0059 0.0166 0.0024 0.0005 0.0002 0.0 0.0016 0.0023 0.0049 0.0204 0.0601
7.000 1.000 35 0.0627 0.2144 0.1374 0.1517 0.1364 0.1474 0.1275 0.0784 0.0364 0.162 0.1374 0.1287 0.1022 0.0994 0.0909 0.0374 0.0223 0.0835 0.0979 0.1015 0.0848 0.0683 0.0428 0.021 0.0234 0.0641 0.0622 0.0801 0.0781 0.053 0.0255 0.016 0.0254 0.0714 0.0459 0.0479 0.0587 0.036 0.0171 0.0076 0.0059 0.0431 0.0299 0.0203 0.0293 0.0189 0.0088 0.0036 0.0038 0.0156 0.0082 0.006 0.0078 0.0042 0.0025 0.0024 0.0169 0.0036 0.0018 0.0018 0.0016 0.0 0.0006 0.0042 0.0202 0.0528
7.000 3.000 35 0.0423 0.1981 0.1253 0.1256 0.1114 0.1272 0.0843 0.0509 0.0258 0.196 0.1311 0.1077 0.0742 0.0799 0.0566 0.02 0.0198 0.1118 0.1148 0.09 0.06 0.0426 0.0196 0.0111 0.0227 0.0791 0.0837 0.0856 0.0591 0.0312 0.0095 0.0094 0.0221 0.078 0.0602 0.0623 0.05 0.021 0.0063 0.0024 0.0041 0.0532 0.0383 0.0318 0.0307 0.012 0.003 0.0016 0.0085 0.0194 0.0116 0.0105 0.0106 0.0031 0.0008 0.0038 0.0234 0.0047 0.0029 0.0029 0.0023 0.0006 0.0 0.0059 0.0218 0.0363
7.000 5.000 35 0.0319 0.1523 0.1078 0.1066 0.1056 0.1212 0.0657 0.0524 0.0381 0.1932 0.1078 0.0894 0.0597 0.074 0.0469 0.0256 0.0347 0.1223 0.1061 0.0715 0.0451 0.0311 0.0189 0.0198 0.0362 0.0903 0.0888 0.0752 0.0461 0.0215 0.0091 0.0169 0.033 0.0842 0.0693 0.0659 0.0427 0.0155 0.007 0.0083 0.0178 0.0626 0.046 0.0393 0.0312 0.0107 0.0059 0.0095 0.0236 0.0237 0.0157 0.0152 0.0141 0.0061 0.0052 0.011 0.0247 0.0066 0.005 0.0052 0.0049 0.0042 0.0059 0.0 0.0114 0.0285
7.000 7.000 35 0.0408 0.1367 0.1121 0.1138 0.1283 0.1304 0.0744 0.0697 0.0474 0.1923 0.1071 0.0928 0.0717 0.0919 0.056 0.0457 0.0445 0.1351 0.1068 0.0742 0.0514 0.0408 0.034 0.0381 0.0447 0.1083 0.1003 0.0805 0.0533 0.0307 0.0233 0.0329 0.0381 0.1026 0.0881 0.0795 0.0513 0.0274 0.0206 0.0213 0.0214 0.0839 0.0657 0.0582 0.046 0.0259 0.021 0.0214 0.0225 0.0406 0.0323 0.0322 0.0302 0.022 0.0213 0.0215 0.0116 0.0213 0.0199 0.0203 0.0204 0.0202 0.0218 0.0114 0.0 0.0374
0.500 0.000 0 0.0091 0.1019 0.0746 0.0858 0.0823 0.0943 0.1156 0.121 0.0946 0.1491 0.0688 0.0641 0.0447 0.0543 0.091 0.0743 0.0539 0.0896 0.0608 0.0355 0.0218 0.0244 0.0415 0.0387 0.0282 0.0573 0.0453 0.0299 0.0148 0.0157 0.0243 0.0233 0.0281 0.0565 0.0449 0.0321 0.0128 0.0107 0.0182 0.0183 0.0282 0.079 0.0557 0.0409 0.0348 0.025 0.0213 0.0171 0.016 0.0838 0.0631 0.0472 0.0552 0.0442 0.0303 0.0213 0.0198 0.0722 0.0499 0.0492 0.0601 0.0528 0.0363 0.0285 0.0374 0.0