n 66
m 3
tmax 8.3
-0.500 0.000 0 0.0 0.0601 0.0461 0.0599 0.0628 0.0578 0.0528 0.0724 0.1173 0.0481 0.0326 0.0403 0.0379 0.0432 0.0569 0.1069 0.1468 0.0257 0.0167 0.0149 0.0109 0.022 0.0613 0.0973 0.1144 0.033 0.0323 0.0076 0.0057 0.0138 0.0541 0.0688 0.0784 0.0351 0.0357 0.0225 0.0155 0.0337 0.071 0.0876 0.0906 0.0312 0.0314 0.0378 0.0522 0.084 0.1186 0.1237 0.12 0.0305 0.0354 0.0492 0.08 0.1142 0.1399 0.1566 0.1639 0.0328 0.0407 0.0559 0.0807 0.1081 0.1395 0.1873 0.1925 0.0124
-7.000 -7.000 35 0.0601 0.0 0.0042 0.0075 0.0107 0.0177 0.0209 0.0227 0.0234 0.0128 0.0214 0.0222 0.03 0.0516 0.0553 0.0573 0.0667 0.0363 0.0477 0.0449 0.0525 0.075 0.099 0.1175 0.1429 0.0422 0.0507 0.057 0.0566 0.0687 0.1085 0.1423 0.1656 0.04 0.0463 0.0829 0.0644 0.0765 0.1185 0.1359 0.1483 0.0383 0.0431 0.0638 0.1188 0.1067 0.1612 0.1748 0.1618 0.0371 0.0411 0.0509 0.1112 0.1452 0.169 0.2071 0.2137 0.0363 0.0398 0.0454 0.0752 0.1416 0.1566 0.2171 0.25 0.0597
-7.000 -5.000 35 0.0461 0.0042 0.0 0.003 0.0068 0.0138 0.017 0.0188 0.0193 0.0214 0.0122 0.0092 0.0211 0.0419 0.044 0.0465 0.0554 0.0472 0.0371 0.022 0.0392 0.0654 0.0857 0.1003 0.1239 0.0502 0.0438 0.0319 0.0399 0.0589 0.105 0.1345 0.152 0.0461 0.0442 0.0639 0.0371 0.0655 0.1107 0.1325 0.146 0.0432 0.0424 0.0692 0.0701 0.0916 0.1542 0.1604 0.1544 0.0414 0.0412 0.0617 0.0962 0.108 0.1662 0.1989 0.1934 0.0401 0.0403 0.0555 0.0906 0.0994 0.1437 0.2226 0.2383 0.0448
-7.000 -3.000 35 0.0599 0.0075 0.003 0.0 0.0054 0.012 0.0147 0.0163 0.0168 0.0293 0.0105 0.0057 0.0193 0.035 0.0342 0.0376 0.0458 0.0482 0.0228 0.0183 0.0456 0.0651 0.0732 0.0834 0.1059 0.0381 0.0266 0.0278 0.0513 0.0693 0.1124 0.1245 0.1354 0.0292 0.0324 0.051 0.049 0.0852 0.1247 0.141 0.1408 0.0263 0.0364 0.0676 0.0676 0.1203 0.1721 0.1675 0.1615 0.0262 0.0399 0.0688 0.0855 0.139 0.1993 0.2073 0.1933 0.0274 0.0427 0.0678 0.0826 0.1222 0.1913 0.2496 0.2397 0.0616
-7.000 -1.000 35 0.0628 0.0107 0.0068 0.0054 0.0 0.0047 0.0072 0.0087 0.0092 0.0367 0.0174 0.0177 0.0172 0.0201 0.0173 0.0233 0.0309 0.0495 0.0318 0.0422 0.0535 0.0509 0.044 0.0578 0.0812 0.0391 0.0451 0.0602 0.066 0.0675 0.0968 0.0883 0.1069 0.0407 0.0641 0.0805 0.0684 0.0928 0.1256 0.1155 0.1048 0.0515 0.0765 0.0945 0.0891 0.1398 0.1765 0.154 0.1306 0.0634 0.0836 0.0958 0.1137 0.1718 0.2118 0.1971 0.169 0.0727 0.0871 0.095 0.1131 0.1664 0.2202 0.249 0.2167 0.0701
-7.000 1.000 35 0.0578 0.0177 0.0138 0.012 0.0047 0.0 0.0025 0.0043 0.0048 0.0496 0.0316 0.0326 0.0207 0.01 0.0056 0.0149 0.0206 0.0655 0.0552 0.0648 0.0502 0.0351 0.0187 0.046 0.0643 0.0641 0.0757 0.075 0.0551 0.0616 0.0637 0.0656 0.096 0.0759 0.0949 0.0757 0.0625 0.0965 0.1003 0.0719 0.0902 0.0902 0.0981 0.0826 0.0959 0.1534 0.1589 0.0997 0.0947 0.096 0.0925 0.0851 0.1325 0.1983 0.2021 0.1406 0.1148 0.0937 0.0862 0.0907 0.1432 0.2015 0.2242 0.1979 0.1518 0.0695
-7.000 3.000 35 0.0528 0.0209 0.017 0.0147 0.0072 0.0025 0.0 0.0021 0.0024 0.0593 0.042 0.0424 0.0254 0.0065 0.0038 0.0116 0.0128 0.0798 0.0716 0.0729 0.0454 0.022 0.0165 0.0527 0.0476 0.0823 0.0866 0.064 0.0463 0.0501 0.0584 0.0833 0.0907 0.0874 0.0852 0.0554 0.0645 0.0953 0.0849 0.0841 0.1081 0.0853 0.0767 0.0767 0.1162 0.1563 0.1329 0.094 0.1216 0.0726 0.0736 0.0994 0.1688 0.1993 0.169 0.1148 0.1371 0.0664 0.0803 0.125 0.1851 0.2036 0.1913 0.1551 0.1579 0.0698
-7.000 5.000 35 0.0724 0.0227 0.0188 0.0163 0.0087 0.0043 0.0021 0.0 0.0006 0.0663 0.0491 0.0484 0.0281 0.0093 0.0098 0.0063 0.0047 0.0892 0.0798 0.074 0.0448 0.0276 0.0404 0.0461 0.0216 0.087 0.0826 0.0595 0.0544 0.0745 0.0896 0.089 0.0509 0.0806 0.0769 0.0635 0.0959 0.1337 0.1087 0.0983 0.0713 0.0811 0.0817 0.108 0.1746 0.1887 0.1446 0.1103 0.0954 0.0774 0.0998 0.1622 0.2318 0.224 0.1646 0.128 0.1247 0.0906 0.1366 0.2059 0.2344 0.2198 0.1815 0.165 0.1542 0.1031
-7.000 7.000 35 0.1173 0.0234 0.0193 0.0168 0.0092 0.0048 0.0024 0.0006 0.0 0.0715 0.0543 0.0527 0.0309 0.0135 0.0154 0.0061 0.0013 0.0962 0.086 0.078 0.0537 0.0456 0.0599 0.0336 0.0079 0.0909 0.0864 0.0719 0.0852 0.1138 0.0961 0.057 0.0244 0.0877 0.0956 0.1025 0.154 0.1534 0.0935 0.0603 0.0363 0.1072 0.1321 0.1797 0.2235 0.1813 0.1114 0.0704 0.0519 0.1296 0.1793 0.2399 0.2398 0.2003 0.1176 0.0893 0.0757 0.1795 0.2277 0.245 0.2202 0.1747 0.1351 0.126 0.1012 0.1532
-5.000 -7.000 35 0.0481 0.0128 0.0214 0.0293 0.0367 0.0496 0.0593 0.0663 0.0715 0.0 0.0271 0.0403 0.0511 0.0819 0.0959 0.1035 0.1244 0.0183 0.0311 0.0414 0.0589 0.083 0.114 0.1471 0.1844 0.021 0.0264 0.0408 0.0456 0.0603 0.1005 0.1342 0.1624 0.0181 0.0211 0.0518 0.06 0.0598 0.1069 0.1281 0.1348 0.0162 0.0184 0.0282 0.0975 0.1058 0.1448 0.1675 0.1606 0.0151 0.017 0.0204 0.0574 0.1412 0.1625 0.1896 0.2097 0.0144 0.016 0.0175 0.0292 0.0895 0.1566 0.204 0.231 0.0462
-5.000 -5.000 25 0.0326 0.0214 0.0122 0.0105 0.0174 0.0316 0.042 0.0491 0.0543 0.0271 0.0 0.0106 0.0258 0.0583 0.0721 0.0803 0.1013 0.0314 0.019 0.0166 0.0349 0.0602 0.0911 0.123 0.1588 0.0263 0.0227 0.0228 0.0283 0.0441 0.0861 0.1201 0.1479 0.0211 0.0221 0.0537 0.0286 0.0507 0.094 0.1132 0.1226 0.0186 0.0201 0.0504 0.0737 0.0752 0.1354 0.1515 0.1408 0.0172 0.0188 0.0401 0.09 0.1018 0.1417 0.1812 0.1911 0.0163 0.018 0.0332 0.0727 0.1011 0.1215 0.1922 0.2235 0.0302
-5.000 -3.000 25 0.0403 0.0222 0.0092 0.0057 0.0177 0.0326 0.0424 0.0484 0.0527 0.0403 0.0106 0.0 0.022 0.0536 0.0648 0.0727 0.0931 0.0352 0.0151 0.0118 0.0337 0.0575 0.0851 0.1139 0.1473 0.022 0.0197 0.0196 0.034 0.0502 0.0939 0.1242 0.1483 0.0176 0.0279 0.0444 0.0319 0.0632 0.1029 0.1207 0.1315 0.0187 0.0328 0.0599 0.0542 0.0956 0.1509 0.1524 0.1424 0.0212 0.0364 0.0603 0.0732 0.112 0.1707 0.1924 0.1849 0.0238 0.0389 0.0588 0.0707 0.096 0.1556 0.2238 0.2308 0.0414
-5.000 -1.000 25 0.0379 0.03 0.0211 0.0193 0.0172 0.0207 0.0254 0.0281 0.0309 0.0511 0.0258 0.022 0.0 0.0263 0.0334 0.0422 0.0626 0.0477 0.0341 0.0349 0.0308 0.0382 0.0561 0.0809 0.1119 0.0371 0.0433 0.0431 0.0376 0.0438 0.0849 0.1015 0.1203 0.042 0.0576 0.0572 0.039 0.0673 0.0998 0.1101 0.1144 0.0525 0.0629 0.0673 0.0606 0.1128 0.1501 0.1389 0.1309 0.0592 0.0639 0.0672 0.0848 0.1417 0.1827 0.1783 0.1631 0.0618 0.0631 0.0661 0.0839 0.1343 0.1869 0.2255 0.2067 0.043
-5.000 1.000 25 0.0432 0.0516 0.0419 0.035 0.0201 0.01 0.0065 0.0093 0.0135 0.0819 0.0583 0.0536 0.0263 0.0 0.0061 0.0202 0.0415 0.0797 0.0676 0.0618 0.0362 0.0248 0.0228 0.0511 0.0819 0.0695 0.0703 0.0509 0.0363 0.0486 0.0667 0.0681 0.0925 0.0698 0.0698 0.0476 0.0479 0.0839 0.0989 0.0809 0.0823 0.0709 0.0676 0.06 0.0865 0.1412 0.1551 0.1121 0.0993 0.0663 0.062 0.0699 0.1249 0.1847 0.1951 0.1534 0.1277 0.0606 0.0606 0.0812 0.1358 0.1866 0.2137 0.2081 0.1697 0.0556
-5.000 3.000 25 0.0569 0.0553 0.044 0.0342 0.0173 0.0056 0.0038 0.0098 0.0154 0.0959 0.0721 0.0648 0.0334 0.0061 0.0 0.0204 0.0383 0.0938 0.0805 0.0698 0.0416 0.0221 0.0162 0.0508 0.0707 0.0781 0.0731 0.0509 0.0469 0.0536 0.059 0.0691 0.0966 0.0714 0.0707 0.0561 0.074 0.1017 0.0837 0.0697 0.0932 0.0716 0.0738 0.0891 0.1348 0.1608 0.1317 0.0832 0.0999 0.0714 0.0821 0.1234 0.1864 0.2002 0.1666 0.108 0.1151 0.0731 0.1015 0.1538 0.1966 0.202 0.188 0.1509 0.139 0.0776
-5.000 5.000 25 0.1069 0.0573 0.0465 0.0376 0.0233 0.0149 0.0116 0.0063 0.0061 0.1035 0.0803 0.0727 0.0422 0.0202 0.0204 0.0 0.0113 0.1064 0.0943 0.0845 0.0621 0.0503 0.0512 0.0413 0.0292 0.0904 0.0879 0.0739 0.0837 0.1024 0.086 0.0765 0.0563 0.0901 0.0988 0.099 0.138 0.1408 0.095 0.0815 0.0717 0.1066 0.1242 0.1636 0.2051 0.179 0.1261 0.092 0.0923 0.1199 0.1609 0.2134 0.2333 0.2063 0.1421 0.1092 0.1184 0.1549 0.1996 0.2286 0.2201 0.1954 0.1585 0.1459 0.1451 0.1372
-5.000 7.000 35 0.1468 0.0667 0.0554 0.0458 0.0309 0.0206 0.0128 0.0047 0.0013 0.1244 0.1013 0.0931 0.0626 0.0415 0.0383 0.0113 0.0 0.1343 0.1234 0.1151 0.0965 0.0861 0.075 0.0306 0.0075 0.1263 0.1278 0.1199 0.1332 0.133 0.083 0.0472 0.0243 0.1405 0.1552 0.1585 0.1769 0.1288 0.074 0.0509 0.0351 0.1682 0.186 0.2081 0.2019 0.1567 0.0913 0.0624 0.0507 0.1867 0.2095 0.2212 0.2094 0.1702 0.0992 0.0831 0.0746 0.208 0.2177 0.2111 0.188 0.1409 0.1222 0.1207 0.0997 0.1595
-3.000 -7.000 35 0.0257 0.0363 0.0472 0.0482 0.0495 0.0655 0.0798 0.0892 0.0962 0.0183 0.0314 0.0352 0.0477 0.0797 0.0938 0.1064 0.1343 0.0 0.0102 0.0183 0.0324 0.0511 0.0796 0.1163 0.1584 0.0035 0.0045 0.0206 0.0234 0.0307 0.0655 0.091 0.1105 0.0024 0.0025 0.0172 0.0541 0.0528 0.0906 0.1092 0.1091 0.0018 0.0019 0.0038 0.0479 0.1069 0.1464 0.1646 0.158 0.0015 0.0016 0.0022 0.0148 0.0814 0.1551 0.1939 0.2147 0.0013 0.0014 0.0015 0.0043 0.0251 0.0899 0.1847 0.2335 0.0369
-3.000 -5.000 25 0.0167 0.0477 0.0371 0.0228 0.0318 0.0552 0.0716 0.0798 0.086 0.0311 0.019 0.0151 0.0341 0.0676 0.0805 0.0943 0.1234 0.0102 0.0 0.0073 0.0238 0.0424 0.0714 0.1086 0.1504 0.0044 0.0062 0.0151 0.0147 0.0249 0.0614 0.0873 0.1077 0.0029 0.0069 0.0407 0.0356 0.0373 0.0804 0.0986 0.1 0.0026 0.0059 0.0276 0.0827 0.0858 0.1244 0.1461 0.1394 0.0026 0.0053 0.0182 0.0677 0.1216 0.142 0.1701 0.1902 0.0027 0.005 0.0135 0.0413 0.0964 0.1336 0.1834 0.2122 0.0215
-3.000 -3.000 15 0.0149 0.0449 0.022 0.0183 0.0422 0.0648 0.0729 0.074 0.078 0.0414 0.0166 0.0118 0.0349 0.0618 0.0698 0.0845 0.1151 0.0183 0.0073 0.0 0.0194 0.0358 0.0647 0.1022 0.1433 0.0108 0.0139 0.0074 0.012 0.0237 0.061 0.0864 0.1072 0.013 0.0238 0.0363 0.0137 0.0364 0.079 0.0933 0.0955 0.0165 0.0285 0.0501 0.0442 0.0694 0.1255 0.1394 0.1274 0.0196 0.0313 0.0496 0.0637 0.0871 0.137 0.1701 0.1796 0.0222 0.033 0.0476 0.0605 0.0755 0.1176 0.1869 0.2105 0.0175
-3.000 -1.000 15 0.0109 0.0525 0.0392 0.0456 0.0535 0.0502 0.0454 0.0448 0.0537 0.0589 0.0349 0.0337 0.0308 0.0362 0.0416 0.0621 0.0965 0.0324 0.0238 0.0194 0.0 0.0156 0.0468 0.0856 0.1261 0.0254 0.0279 0.0131 0.0071 0.0157 0.0539 0.0775 0.0983 0.0286 0.035 0.0262 0.0123 0.0417 0.073 0.0826 0.0865 0.0315 0.0354 0.0369 0.0378 0.0867 0.1283 0.1209 0.1097 0.0365 0.0345 0.0391 0.0625 0.1128 0.1564 0.1658 0.155 0.0345 0.0339 0.04 0.0618 0.1041 0.1548 0.2058 0.1997 0.0173
-3.000 1.000 15 0.022 0.075 0.0654 0.0651 0.0509 0.0351 0.022 0.0276 0.0456 0.083 0.0602 0.0575 0.0382 0.0248 0.0221 0.0503 0.0861 0.0511 0.0424 0.0358 0.0156 0.0 0.0287 0.0676 0.1058 0.0366 0.0359 0.0174 0.0147 0.0221 0.0512 0.0649 0.0844 0.0353 0.0378 0.0243 0.0329 0.0606 0.076 0.0733 0.075 0.0424 0.0379 0.0467 0.0775 0.1194 0.1321 0.1037 0.0928 0.0393 0.0443 0.0647 0.1161 0.1613 0.1698 0.1445 0.1255 0.0393 0.051 0.0801 0.1252 0.1618 0.1856 0.1957 0.1685 0.0365
-3.000 3.000 15 0.0613 0.099 0.0857 0.0732 0.044 0.0187 0.0165 0.0404 0.0599 0.114 0.0911 0.0851 0.0561 0.0228 0.0162 0.0512 0.075 0.0796 0.0714 0.0647 0.0468 0.0287 0.0 0.0418 0.0755 0.0625 0.0623 0.0467 0.0502 0.0517 0.0361 0.036 0.0588 0.0645 0.0709 0.0665 0.0868 0.0901 0.0566 0.0393 0.0467 0.0782 0.0878 0.1096 0.1456 0.1407 0.1047 0.0574 0.0589 0.086 0.108 0.1494 0.1817 0.174 0.138 0.0857 0.0799 0.1036 0.1343 0.1682 0.1788 0.1727 0.1583 0.1302 0.1091 0.0826
-3.000 5.000 25 0.0973 0.1175 0.1003 0.0834 0.0578 0.046 0.0527 0.0461 0.0336 0.1471 0.123 0.1139 0.0809 0.0511 0.0508 0.0413 0.0306 0.1163 0.1086 0.1022 0.0856 0.0676 0.0418 0.0 0.0254 0.1021 0.103 0.0897 0.094 0.0819 0.0377 0.026 0.0322 0.1099 0.1184 0.1145 0.1216 0.0835 0.0428 0.0309 0.0376 0.1278 0.1382 0.1562 0.1568 0.1232 0.0728 0.0429 0.055 0.1393 0.1573 0.175 0.1732 0.1479 0.0874 0.0619 0.0788 0.1563 0.1692 0.1701 0.1597 0.1321 0.1063 0.0999 0.1037 0.1065
-3.000 7.000 35 0.1144 0.1429 0.1239 0.1059 0.0812 0.0643 0.0476 0.0216 0.0079 0.1844 0.1588 0.1473 0.1119 0.0819 0.0707 0.0292 0.0075 0.1584 0.1504 0.1433 0.1261 0.1058 0.0755 0.0254 0.0 0.1391 0.1385 0.1231 0.1222 0.0979 0.05 0.0293 0.0152 0.1426 0.147 0.136 0.1304 0.0865 0.0468 0.0334 0.0239 0.1519 0.1572 0.1691 0.1642 0.128 0.0649 0.0465 0.0398 0.1593 0.174 0.1855 0.1758 0.1299 0.0761 0.0693 0.064 0.176 0.1818 0.1715 0.1424 0.103 0.1053 0.1075 0.0885 0.1115
-1.000 -7.000 35 0.033 0.0422 0.0502 0.0381 0.0391 0.0641 0.0823 0.087 0.0909 0.021 0.0263 0.022 0.0371 0.0695 0.0781 0.0904 0.1263 0.0035 0.0044 0.0108 0.0254 0.0366 0.0625 0.1021 0.1391 0.0 0.0004 0.0143 0.0286 0.0361 0.0727 0.0972 0.1105 0.0001 0.0001 0.005 0.0411 0.0617 0.1088 0.1358 0.1404 0.0 0.0 0.0006 0.0189 0.0784 0.1432 0.1789 0.1868 0.0 0.0 0.0004 0.006 0.0369 0.0984 0.1629 0.2122 0.0 0.0 0.0001 0.0012 0.008 0.0341 0.1063 0.1744 0.0433
-1.000 -5.000 25 0.0323 0.0507 0.0438 0.0266 0.0451 0.0757 0.0866 0.0826 0.0864 0.0264 0.0227 0.0197 0.0433 0.0703 0.0731 0.0879 0.1278 0.0045 0.0062 0.0139 0.0279 0.0359 0.0623 0.103 0.1385 0.0004 0.0 0.0199 0.029 0.0353 0.0722 0.0956 0.1083 0.0001 0.0007 0.017 0.0504 0.063 0.107 0.1311 0.1346 0.0001 0.0003 0.0057 0.0475 0.1033 0.154 0.1799 0.1819 0.0001 0.0003 0.0029 0.0215 0.0796 0.1454 0.1922 0.2246 0.0001 0.0002 0.0016 0.0084 0.0343 0.0882 0.1701 0.2224 0.044
-1.000 -3.000 15 0.0076 0.057 0.0319 0.0278 0.0602 0.075 0.064 0.0595 0.0719 0.0408 0.0228 0.0196 0.0431 0.0509 0.0509 0.0739 0.1199 0.0206 0.0151 0.0074 0.0131 0.0174 0.0467 0.0897 0.1231 0.0143 0.0199 0.0 0.0039 0.0137 0.0538 0.0769 0.0897 0.0141 0.0198 0.0309 0.0169 0.033 0.0796 0.1022 0.1061 0.0116 0.0205 0.0375 0.0534 0.0704 0.1202 0.1449 0.1453 0.0129 0.0211 0.0347 0.0615 0.0906 0.125 0.1624 0.1881 0.0139 0.0215 0.0318 0.0519 0.0763 0.1073 0.1674 0.2002 0.012
-1.000 -1.000 5 0.0057 0.0566 0.0399 0.0513 0.066 0.0551 0.0463 0.0544 0.0852 0.0456 0.0283 0.034 0.0376 0.0363 0.0469 0.0837 0.1332 0.0234 0.0147 0.012 0.0071 0.0147 0.0502 0.094 0.1222 0.0286 0.029 0.0039 0.0 0.0144 0.0564 0.0765 0.0879 0.0301 0.0318 0.0201 0.0084 0.0358 0.0775 0.0942 0.0971 0.0268 0.0285 0.0309 0.0372 0.0769 0.1264 0.1381 0.1315 0.0256 0.0278 0.0354 0.0601 0.0981 0.1415 0.1659 0.1796 0.0244 0.0286 0.0375 0.0581 0.0881 0.1315 0.1917 0.2069 0.0121
-1.000 1.000 5 0.0138 0.0687 0.0589 0.0693 0.0675 0.0616 0.0501 0.0745 0.1138 0.0603 0.0441 0.0502 0.0438 0.0486 0.0536 0.1024 0.133 0.0307 0.0249 0.0237 0.0157 0.0221 0.0517 0.0819 0.0979 0.0361 0.0353 0.0137 0.0144 0.0 0.0382 0.0507 0.0603 0.0425 0.0444 0.0344 0.0342 0.0412 0.0555 0.0616 0.0641 0.0398 0.0447 0.0584 0.0799 0.0995 0.1113 0.0978 0.0872 0.0426 0.055 0.079 0.1121 0.1371 0.1441 0.1363 0.1294 0.0507 0.0668 0.0909 0.1152 0.1348 0.1554 0.1807 0.1679 0.0282
-1.000 3.000 15 0.0541 0.1085 0.105 0.1124 0.0968 0.0637 0.0584 0.0896 0.0961 0.1005 0.0861 0.0939 0.0849 0.0667 0.059 0.086 0.083 0.0655 0.0614 0.061 0.0539 0.0512 0.0361 0.0377 0.05 0.0727 0.0722 0.0538 0.0564 0.0382 0.0 0.0122 0.0259 0.0853 0.0888 0.0815 0.0808 0.0548 0.0268 0.0208 0.0274 0.09 0.1002 0.1187 0.1273 0.1054 0.0795 0.0433 0.0438 0.1039 0.1219 0.1402 0.1482 0.1371 0.1117 0.0744 0.0704 0.1203 0.1345 0.143 0.1398 0.1351 0.1316 0.119 0.1023 0.0658
-1.000 5.000 25 0.0688 0.1423 0.1345 0.1245 0.0883 0.0656 0.0833 0.089 0.057 0.1342 0.1201 0.1242 0.1015 0.0681 0.0691 0.0765 0.0472 0.091 0.0873 0.0864 0.0775 0.0649 0.036 0.026 0.0293 0.0972 0.0956 0.0769 0.0765 0.0507 0.0122 0.0 0.0145 0.1091 0.1118 0.1029 0.0972 0.0614 0.0232 0.0108 0.0171 0.1189 0.1299 0.1463 0.1444 0.1094 0.0502 0.0257 0.0361 0.1406 0.1556 0.1654 0.1525 0.1183 0.064 0.0471 0.0605 0.1541 0.1567 0.1494 0.1306 0.0968 0.087 0.0863 0.0856 0.077
-1.000 7.000 35 0.0784 0.1656 0.152 0.1354 0.1069 0.096 0.0907 0.0509 0.0244 0.1624 0.1479 0.1483 0.1203 0.0925 0.0966 0.0563 0.0243 0.1105 0.1077 0.1072 0.0983 0.0844 0.0588 0.0322 0.0152 0.1105 0.1083 0.0897 0.0879 0.0603 0.0259 0.0145 0.0 0.1228 0.1258 0.1167 0.1098 0.0716 0.0308 0.0171 0.0088 0.1402 0.1526 0.1676 0.1577 0.1085 0.0455 0.0318 0.0272 0.1674 0.1753 0.1706 0.1436 0.094 0.0606 0.0571 0.0528 0.1664 0.1534 0.1287 0.0973 0.0805 0.0958 0.0956 0.0768 0.0863
1.000 -7.000 35 0.0351 0.04 0.0461 0.0292 0.0407 0.0759 0.0874 0.0806 0.0877 0.0181 0.0211 0.0176 0.042 0.0698 0.0714 0.0901 0.1405 0.0024 0.0029 0.013 0.0286 0.0353 0.0645 0.1099 0.1426 0.0001 0.0001 0.0141 0.0301 0.0425 0.0853 0.1091 0.1228 0.0 0.0 0.0007 0.0276 0.0515 0.1076 0.1479 0.1598 0.0 0.0 0.0004 0.0111 0.0571 0.1202 0.1614 0.1796 0.0 0.0 0.0002 0.0029 0.0183 0.0548 0.1085 0.1634 0.0 0.0 0.0 0.0004 0.0027 0.013 0.0574 0.109 0.0355
1.000 -5.000 25 0.0357 0.0463 0.0442 0.0324 0.0641 0.0949 0.0852 0.0769 0.0956 0.0211 0.0221 0.0279 0.0576 0.0698 0.0707 0.0988 0.1552 0.0025 0.0069 0.0238 0.035 0.0378 0.0709 0.1184 0.147 0.0001 0.0007 0.0198 0.0318 0.0444 0.0888 0.1118 0.1258 0.0 0.0 0.0022 0.0311 0.0556 0.1123 0.1517 0.1632 0.0 0.0001 0.001 0.0164 0.0669 0.1302 0.1691 0.1848 0.0 0.0001 0.0007 0.0065 0.0309 0.0766 0.1328 0.1846 0.0 0.0001 0.0004 0.0019 0.0082 0.0281 0.0852 0.1417 0.0376
1.000 -3.000 15 0.0225 0.0829 0.0639 0.051 0.0805 0.0757 0.0554 0.0635 0.1025 0.0518 0.0537 0.0444 0.0572 0.0476 0.0561 0.099 0.1585 0.0172 0.0407 0.0363 0.0262 0.0243 0.0665 0.1145 0.136 0.005 0.017 0.0309 0.0201 0.0344 0.0815 0.1029 0.1167 0.0007 0.0022 0.0 0.023 0.0467 0.1035 0.1408 0.151 0.0007 0.0014 0.0054 0.0291 0.0748 0.1314 0.1639 0.1752 0.0006 0.0018 0.0056 0.0222 0.0597 0.106 0.1534 0.1943 0.0009 0.002 0.0047 0.0136 0.0325 0.0658 0.13 0.1785 0.0269
1.000 -1.000 5 0.0155 0.0644 0.0371 0.049 0.0684 0.0625 0.0645 0.0959 0.154 0.06 0.0286 0.0319 0.039 0.0479 0.074 0.138 0.1769 0.0541 0.0356 0.0137 0.0123 0.0329 0.0868 0.1216 0.1304 0.0411 0.0504 0.0169 0.0084 0.0342 0.0808 0.0972 0.1098 0.0276 0.0311 0.023 0.0 0.0352 0.0929 0.127 0.1357 0.0204 0.0216 0.0253 0.0305 0.0622 0.1147 0.1427 0.1519 0.0187 0.0215 0.029 0.0469 0.0728 0.1119 0.1477 0.1791 0.0194 0.0227 0.0298 0.0422 0.0608 0.0925 0.1507 0.1837 0.0121
1.000 1.000 5 0.0337 0.0765 0.0655 0.0852 0.0928 0.0965 0.0953 0.1337 0.1534 0.0598 0.0507 0.0632 0.0673 0.0839 0.1017 0.1408 0.1288 0.0528 0.0373 0.0364 0.0417 0.0606 0.0901 0.0835 0.0865 0.0617 0.063 0.033 0.0358 0.0412 0.0548 0.0614 0.0716 0.0515 0.0556 0.0467 0.0352 0.0 0.0502 0.0772 0.0843 0.0508 0.0562 0.0651 0.0642 0.0564 0.0805 0.094 0.0987 0.0555 0.0624 0.0719 0.0793 0.0863 0.0985 0.1138 0.1313 0.0574 0.0649 0.0697 0.0744 0.081 0.1023 0.1424 0.15 0.0237
1.000 3.000 15 0.071 0.1185 0.1107 0.1247 0.1256 0.1003 0.0849 0.1087 0.0935 0.1069 0.094 0.1029 0.0998 0.0989 0.0837 0.095 0.074 0.0906 0.0804 0.079 0.073 0.076 0.0566 0.0428 0.0468 0.1088 0.107 0.0796 0.0775 0.0555 0.0268 0.0232 0.0308 0.1076 0.1123 0.1035 0.0929 0.0502 0.0 0.0215 0.0321 0.1134 0.1207 0.1295 0.1189 0.0813 0.0477 0.0344 0.0407 0.1208 0.1245 0.1245 0.1159 0.0965 0.0732 0.0606 0.0676 0.1152 0.1121 0.106 0.0972 0.0889 0.0911 0.1004 0.0935 0.0724
1.000 5.000 25 0.0876 0.1359 0.1325 0.141 0.1155 0.0719 0.0841 0.0983 0.0603 0.1281 0.1132 0.1207 0.1101 0.0809 0.0697 0.0815 0.0509 0.1092 0.0986 0.0933 0.0826 0.0733 0.0393 0.0309 0.0334 0.1358 0.1311 0.1022 0.0942 0.0616 0.0208 0.0108 0.0171 0.1479 0.1517 0.1408 0.127 0.0772 0.0215 0.0 0.0165 0.1588 0.1649 0.1695 0.1491 0.0948 0.033 0.0141 0.0255 0.1594 0.1546 0.1421 0.1175 0.0805 0.0464 0.037 0.0493 0.1347 0.1207 0.1023 0.0793 0.0651 0.0745 0.0764 0.0733 0.0981
1.000 7.000 35 0.0906 0.1483 0.146 0.1408 0.1048 0.0902 0.1081 0.0713 0.0363 0.1348 0.1226 0.1315 0.1144 0.0823 0.0932 0.0717 0.0351 0.1091 0.1 0.0955 0.0865 0.075 0.0467 0.0376 0.0239 0.1404 0.1346 0.1061 0.0971 0.0641 0.0274 0.0171 0.0088 0.1598 0.1632 0.151 0.1357 0.0843 0.0321 0.0165 0.0 0.176 0.1804 0.1815 0.1556 0.0974 0.0405 0.025 0.0194 0.1614 0.1498 0.131 0.1041 0.0742 0.0561 0.0514 0.0449 0.1169 0.0997 0.0827 0.0715 0.0759 0.0959 0.0876 0.0667 0.1053
3.000 -7.000 35 0.0312 0.0383 0.0432 0.0263 0.0515 0.0902 0.0853 0.0811 0.1072 0.0162 0.0186 0.0187 0.0525 0.0709 0.0716 0.1066 0.1682 0.0018 0.0026 0.0165 0.0315 0.0424 0.0782 0.1278 0.1519 0.0 0.0001 0.0116 0.0268 0.0398 0.09 0.1189 0.1402 0.0 0.0 0.0007 0.0204 0.0508 0.1134 0.1588 0.176 0.0 0.0 0.0002 0.0064 0.0422 0.0965 0.133 0.1495 0.0 0.0 0.0001 0.0011 0.0079 0.0263 0.0632 0.1081 0.0 0.0 0.0 0.0001 0.0008 0.0049 0.0345 0.0707 0.0281
3.000 -5.000 25 0.0314 0.0431 0.0424 0.0364 0.0765 0.0981 0.0767 0.0817 0.1321 0.0184 0.0201 0.0328 0.0629 0.0676 0.0738 0.1242 0.186 0.0019 0.0059 0.0285 0.0354 0.0379 0.0878 0.1382 0.1572 0.0 0.0003 0.0205 0.0285 0.0447 0.1002 0.1299 0.1526 0.0 0.0001 0.0014 0.0216 0.0562 0.1207 0.1649 0.1804 0.0 0.0 0.0004 0.0083 0.0466 0.1016 0.1373 0.153 0.0 0.0 0.0002 0.0021 0.0113 0.0332 0.0728 0.1184 0.0 0.0 0.0001 0.0004 0.0018 0.0082 0.0427 0.0814 0.0315
3.000 -3.000 15 0.0378 0.0638 0.0692 0.0676 0.0945 0.0826 0.0767 0.108 0.1797 0.0282 0.0504 0.0599 0.0673 0.06 0.0891 0.1636 0.2081 0.0038 0.0276 0.0501 0.0369 0.0467 0.1096 0.1562 0.1691 0.0006 0.0057 0.0375 0.0309 0.0584 0.1187 0.1463 0.1676 0.0004 0.001 0.0054 0.0253 0.0651 0.1295 0.1695 0.1815 0.0002 0.0004 0.0 0.0114 0.0524 0.1073 0.1407 0.1551 0.0002 0.0003 0.0009 0.0049 0.0188 0.0455 0.0871 0.1323 0.0001 0.0003 0.0006 0.002 0.006 0.0174 0.0595 0.1001 0.0395
3.000 -1.000 15 0.0522 0.1188 0.0701 0.0676 0.0891 0.0959 0.1162 0.1746 0.2235 0.0975 0.0737 0.0542 0.0606 0.0865 0.1348 0.2051 0.2019 0.0479 0.0827 0.0442 0.0378 0.0775 0.1456 0.1568 0.1642 0.0189 0.0475 0.0534 0.0372 0.0799 0.1273 0.1444 0.1577 0.0111 0.0164 0.0291 0.0305 0.0642 0.1189 0.1491 0.1556 0.0064 0.0083 0.0114 0.0 0.0403 0.092 0.1208 0.133 0.0054 0.0059 0.0069 0.0096 0.0241 0.051 0.0899 0.1308 0.0036 0.0036 0.0052 0.0064 0.014 0.0292 0.0769 0.1133 0.0461
3.000 1.000 15 0.084 0.1067 0.0916 0.1203 0.1398 0.1534 0.1563 0.1887 0.1813 0.1058 0.0752 0.0956 0.1128 0.1412 0.1608 0.179 0.1567 0.1069 0.0858 0.0694 0.0867 0.1194 0.1407 0.1232 0.128 0.0784 0.1033 0.0704 0.0769 0.0995 0.1054 0.1094 0.1085 0.0571 0.0669 0.0748 0.0622 0.0564 0.0813 0.0948 0.0974 0.0422 0.0466 0.0524 0.0403 0.0 0.0483 0.0717 0.083 0.0318 0.0312 0.0297 0.0255 0.0223 0.038 0.0678 0.1016 0.0222 0.0202 0.0178 0.0182 0.019 0.0368 0.0798 0.102 0.0672
3.000 3.000 15 0.1186 0.1612 0.1542 0.1721 0.1765 0.1589 0.1329 0.1446 0.1114 0.1448 0.1354 0.1509 0.1501 0.1551 0.1317 0.1261 0.0913 0.1464 0.1244 0.1255 0.1283 0.1321 0.1047 0.0728 0.0649 0.1432 0.154 0.1202 0.1264 0.1113 0.0795 0.0502 0.0455 0.1202 0.1302 0.1314 0.1147 0.0805 0.0477 0.033 0.0405 0.0965 0.1016 0.1073 0.092 0.0483 0.0 0.0214 0.0363 0.0683 0.0651 0.0599 0.0505 0.0358 0.025 0.0371 0.0645 0.047 0.0423 0.037 0.0319 0.0313 0.0455 0.0708 0.0763 0.1091
3.000 5.000 25 0.1237 0.1748 0.1604 0.1675 0.154 0.0997 0.094 0.1103 0.0704 0.1675 0.1515 0.1524 0.1389 0.1121 0.0832 0.092 0.0624 0.1646 0.1461 0.1394 0.1209 0.1037 0.0574 0.0429 0.0465 0.1789 0.1799 0.1449 0.1381 0.0978 0.0433 0.0257 0.0318 0.1614 0.1691 0.1639 0.1427 0.094 0.0344 0.0141 0.025 0.133 0.1373 0.1407 0.1208 0.0717 0.0214 0.0 0.0189 0.0868 0.0813 0.0738 0.063 0.0482 0.0344 0.027 0.0436 0.0575 0.0523 0.0477 0.0456 0.0516 0.066 0.0652 0.0608 0.1261
3.000 7.000 35 0.12 0.1618 0.1544 0.1615 0.1306 0.0947 0.1216 0.0954 0.0519 0.1606 0.1408 0.1424 0.1309 0.0993 0.0999 0.0923 0.0507 0.158 0.1394 0.1274 0.1097 0.0928 0.0589 0.055 0.0398 0.1868 0.1819 0.1453 0.1315 0.0872 0.0438 0.0361 0.0272 0.1796 0.1848 0.1752 0.1519 0.0987 0.0407 0.0255 0.0194 0.1495 0.153 0.1551 0.133 0.083 0.0363 0.0189 0.0 0.0958 0.0909 0.0852 0.078 0.0695 0.0599 0.0441 0.0276 0.0698 0.0684 0.0695 0.075 0.0877 0.0976 0.0701 0.0456 0.1275
5.000 -7.000 35 0.0305 0.0371 0.0414 0.0262 0.0634 0.096 0.0726 0.0774 0.1296 0.0151 0.0172 0.0212 0.0592 0.0663 0.0714 0.1199 0.1867 0.0015 0.0026 0.0196 0.0365 0.0393 0.086 0.1393 0.1593 0.0 0.0001 0.0129 0.0256 0.0426 0.1039 0.1406 0.1674 0.0 0.0 0.0006 0.0187 0.0555 0.1208 0.1594 0.1614 0.0 0.0 0.0002 0.0054 0.0318 0.0683 0.0868 0.0958 0.0 0.0 0.0 0.0004 0.0032 0.0126 0.041 0.0806 0.0 0.0 0.0 0.0 0.0003 0.0025 0.0253 0.054 0.03
5.000 -5.000 25 0.0354 0.0411 0.0412 0.0399 0.0836 0.0925 0.0736 0.0998 0.1793 0.017 0.0188 0.0364 0.0639 0.062 0.0821 0.1609 0.2095 0.0016 0.0053 0.0313 0.0345 0.0443 0.108 0.1573 0.174 0.0 0.0003 0.0211 0.0278 0.055 0.1219 0.1556 0.1753 0.0 0.0001 0.0018 0.0215 0.0624 0.1245 0.1546 0.1498 0.0 0.0 0.0003 0.0059 0.0312 0.0651 0.0813 0.0909 0.0 0.0 0.0 0.0005 0.0036 0.0134 0.0427 0.0827 0.0 0.0 0.0 0.0001 0.0004 0.0031 0.0279 0.0572 0.036
5.000 -3.000 25 0.0492 0.0509 0.0617 0.0688 0.0958 0.0851 0.0994 0.1622 0.2399 0.0204 0.0401 0.0603 0.0672 0.0699 0.1234 0.2134 0.2212 0.0022 0.0182 0.0496 0.0391 0.0647 0.1494 0.175 0.1855 0.0004 0.0029 0.0347 0.0354 0.079 0.1402 0.1654 0.1706 0.0002 0.0007 0.0056 0.029 0.0719 0.1245 0.1421 0.131 0.0001 0.0002 0.0009 0.0069 0.0297 0.0599 0.0738 0.0852 0.0 0.0 0.0 0.0007 0.0042 0.0146 0.0451 0.0854 0.0 0.0 0.0 0.0002 0.0007 0.0044 0.032 0.0618 0.0485
5.000 -1.000 25 0.08 0.1112 0.0962 0.0855 0.1137 0.1325 0.1688 0.2318 0.2398 0.0574 0.09 0.0732 0.0848 0.1249 0.1864 0.2333 0.2094 0.0148 0.0677 0.0637 0.0625 0.1161 0.1817 0.1732 0.1758 0.006 0.0215 0.0615 0.0601 0.1121 0.1482 0.1525 0.1436 0.0029 0.0065 0.0222 0.0469 0.0793 0.1159 0.1175 0.1041 0.0011 0.0021 0.0049 0.0096 0.0255 0.0505 0.063 0.078 0.0004 0.0005 0.0007 0.0 0.004 0.0153 0.0472 0.0877 0.0002 0.0002 0.0002 0.0003 0.0013 0.0067 0.0383 0.0678 0.0683
5.000 1.000 25 0.1142 0.1452 0.108 0.139 0.1718 0.1983 0.1993 0.224 0.2003 0.1412 0.1018 0.112 0.1417 0.1847 0.2002 0.2063 0.1702 0.0814 0.1216 0.0871 0.1128 0.1613 0.174 0.1479 0.1299 0.0369 0.0796 0.0906 0.0981 0.1371 0.1371 0.1183 0.094 0.0183 0.0309 0.0597 0.0728 0.0863 0.0965 0.0805 0.0742 0.0079 0.0113 0.0188 0.0241 0.0223 0.0358 0.0482 0.0695 0.0032 0.0036 0.0042 0.004 0.0 0.0124 0.0462 0.0863 0.0018 0.0018 0.0017 0.0016 0.0023 0.0103 0.0463 0.0725 0.0921
5.000 3.000 25 0.1399 0.169 0.1662 0.1993 0.2118 0.2021 0.169 0.1646 0.1176 0.1625 0.1417 0.1707 0.1827 0.1951 0.1666 0.1421 0.0992 0.1551 0.142 0.137 0.1564 0.1698 0.138 0.0874 0.0761 0.0984 0.1454 0.125 0.1415 0.1441 0.1117 0.064 0.0606 0.0548 0.0766 0.106 0.1119 0.0985 0.0732 0.0464 0.0561 0.0263 0.0332 0.0455 0.051 0.038 0.025 0.0344 0.0599 0.0126 0.0134 0.0146 0.0153 0.0124 0.0 0.0336 0.0709 0.0084 0.0084 0.0085 0.009 0.0109 0.0205 0.0484 0.0621 0.1209
5.000 5.000 25 0.1566 0.2071 0.1989 0.2073 0.1971 0.1406 0.1148 0.128 0.0893 0.1896 0.1812 0.1924 0.1783 0.1534 0.108 0.1092 0.0831 0.1939 0.1701 0.1701 0.1658 0.1445 0.0857 0.0619 0.0693 0.1629 0.1922 0.1624 0.1659 0.1363 0.0744 0.0471 0.0571 0.1085 0.1328 0.1534 0.1477 0.1138 0.0606 0.037 0.0514 0.0632 0.0728 0.0871 0.0899 0.0678 0.0371 0.027 0.0441 0.041 0.0427 0.0451 0.0472 0.0462 0.0336 0.0 0.0359 0.0365 0.0374 0.039 0.0415 0.0459 0.0478 0.0324 0.0294 0.1437
5.000 7.000 35 0.1639 0.2137 0.1934 0.1933 0.169 0.1148 0.1371 0.1247 0.0757 0.2097 0.1911 0.1849 0.1631 0.1277 0.1151 0.1184 0.0746 0.2147 0.1902 0.1796 0.155 0.1255 0.0799 0.0788 0.064 0.2122 0.2246 0.1881 0.1796 0.1294 0.0704 0.0605 0.0528 0.1634 0.1846 0.1943 0.1791 0.1313 0.0676 0.0493 0.0449 0.1081 0.1184 0.1323 0.1308 0.1016 0.0645 0.0436 0.0276 0.0806 0.0827 0.0854 0.0877 0.0863 0.0709 0.0359 0.0 0.0745 0.0755 0.0769 0.0785 0.0796 0.0698 0.0309 0.0112 0.1635
7.000 -7.000 35 0.0328 0.0363 0.0401 0.0274 0.0727 0.0937 0.0664 0.0906 0.1795 0.0144 0.0163 0.0238 0.0618 0.0606 0.0731 0.1549 0.208 0.0013 0.0027 0.0222 0.0345 0.0393 0.1036 0.1563 0.176 0.0 0.0001 0.0139 0.0244 0.0507 0.1203 0.1541 0.1664 0.0 0.0 0.0009 0.0194 0.0574 0.1152 0.1347 0.1169 0.0 0.0 0.0001 0.0036 0.0222 0.047 0.0575 0.0698 0.0 0.0 0.0 0.0002 0.0018 0.0084 0.0365 0.0745 0.0 0.0 0.0 0.0 0.0001 0.0012 0.0182 0.0428 0.033
7.000 -5.000 35 0.0407 0.0398 0.0403 0.0427 0.0871 0.0862 0.0803 0.1366 0.2277 0.016 0.018 0.0389 0.0631 0.0606 0.1015 0.1996 0.2177 0.0014 0.005 0.033 0.0339 0.051 0.1343 0.1692 0.1818 0.0 0.0002 0.0215 0.0286 0.0668 0.1345 0.1567 0.1534 0.0 0.0001 0.002 0.0227 0.0649 0.1121 0.1207 0.0997 0.0 0.0 0.0003 0.0036 0.0202 0.0423 0.0523 0.0684 0.0 0.0 0.0 0.0002 0.0018 0.0084 0.0374 0.0755 0.0 0.0 0.0 0.0 0.0001 0.0013 0.0192 0.0438 0.0409
7.000 -3.000 35 0.0559 0.0454 0.0555 0.0678 0.095 0.0907 0.125 0.2059 0.245 0.0175 0.0332 0.0588 0.0661 0.0812 0.1538 0.2286 0.2111 0.0015 0.0135 0.0476 0.04 0.0801 0.1682 0.1701 0.1715 0.0001 0.0016 0.0318 0.0375 0.0909 0.143 0.1494 0.1287 0.0 0.0004 0.0047 0.0298 0.0697 0.106 0.1023 0.0827 0.0 0.0001 0.0006 0.0052 0.0178 0.037 0.0477 0.0695 0.0 0.0 0.0 0.0002 0.0017 0.0085 0.039 0.0769 0.0 0.0 0.0 0.0 0.0001 0.0016 0.0207 0.0452 0.052
7.000 -1.000 35 0.0807 0.0752 0.0906 0.0826 0.1131 0.1432 0.1851 0.2344 0.2202 0.0292 0.0727 0.0707 0.0839 0.1358 0.1966 0.2201 0.188 0.0043 0.0413 0.0605 0.0618 0.1252 0.1788 0.1597 0.1424 0.0012 0.0084 0.0519 0.0581 0.1152 0.1398 0.1306 0.0973 0.0004 0.0019 0.0136 0.0422 0.0744 0.0972 0.0793 0.0715 0.0001 0.0004 0.002 0.0064 0.0182 0.0319 0.0456 0.075 0.0 0.0001 0.0002 0.0003 0.0016 0.009 0.0415 0.0785 0.0 0.0 0.0 0.0 0.0002 0.002 0.0232 0.0472 0.0674
7.000 1.000 35 0.1081 0.1416 0.0994 0.1222 0.1664 0.2015 0.2036 0.2198 0.1747 0.0895 0.1011 0.096 0.1343 0.1866 0.202 0.1954 0.1409 0.0251 0.0964 0.0755 0.1041 0.1618 0.1727 0.1321 0.103 0.008 0.0343 0.0763 0.0881 0.1348 0.1351 0.0968 0.0805 0.0027 0.0082 0.0325 0.0608 0.081 0.0889 0.0651 0.0759 0.0008 0.0018 0.006 0.014 0.019 0.0313 0.0516 0.0877 0.0003 0.0004 0.0007 0.0013 0.0023 0.0109 0.0459 0.0796 0.0001 0.0001 0.0001 0.0002 0.0 0.003 0.0274 0.0498 0.0861
7.000 3.000 35 0.1395 0.1566 0.1437 0.1913 0.2202 0.2242 0.1913 0.1815 0.1351 0.1566 0.1215 0.1556 0.1869 0.2137 0.188 0.1585 0.1222 0.0899 0.1336 0.1176 0.1548 0.1856 0.1583 0.1063 0.1053 0.0341 0.0882 0.1073 0.1315 0.1554 0.1316 0.087 0.0958 0.013 0.0281 0.0658 0.0925 0.1023 0.0911 0.0745 0.0959 0.0049 0.0082 0.0174 0.0292 0.0368 0.0455 0.066 0.0976 0.0025 0.0031 0.0044 0.0067 0.0103 0.0205 0.0478 0.0698 0.0012 0.0013 0.0016 0.002 0.003 0.0 0.0265 0.043 0.1153
7.000 5.000 35 0.1873 0.2171 0.2226 0.2496 0.249 0.1979 0.1551 0.165 0.126 0.204 0.1922 0.2238 0.2255 0.2081 0.1509 0.1459 0.1207 0.1847 0.1834 0.1869 0.2058 0.1957 0.1302 0.0999 0.1075 0.1063 0.1701 0.1674 0.1917 0.1807 0.119 0.0863 0.0956 0.0574 0.0852 0.13 0.1507 0.1424 0.1004 0.0764 0.0876 0.0345 0.0427 0.0595 0.0769 0.0798 0.0708 0.0652 0.0701 0.0253 0.0279 0.032 0.0383 0.0463 0.0484 0.0324 0.0309 0.0182 0.0192 0.0207 0.0232 0.0274 0.0265 0.0 0.0105 0.1652
7.000 7.000 35 0.1925 0.25 0.2383 0.2397 0.2167 0.1518 0.1579 0.1542 0.1012 0.231 0.2235 0.2308 0.2067 0.1697 0.139 0.1451 0.0997 0.2335 0.2122 0.2105 0.1997 0.1685 0.1091 0.1037 0.0885 0.1744 0.2224 0.2002 0.2069 0.1679 0.1023 0.0856 0.0768 0.109 0.1417 0.1785 0.1837 0.15 0.0935 0.0733 0.0667 0.0707 0.0814 0.1001 0.1133 0.102 0.0763 0.0608 0.0456 0.054 0.0572 0.0618 0.0678 0.0725 0.0621 0.0294 0.0112 0.0428 0.0438 0.0452 0.0472 0.0498 0.043 0.0105 0.0 0.1816
0.500 0.000 0 0.0124 0.0597 0.0448 0.0616 0.0701 0.0695 0.0698 0.1031 0.1532 0.0462 0.0302 0.0414 0.043 0.0556 0.0776 0.1372 0.1595 0.0369 0.0215 0.0175 0.0173 0.0365 0.0826 0.1065 0.1115 0.0433 0.044 0.012 0.0121 0.0282 0.0658 0.077 0.0863 0.0355 0.0376 0.0269 0.0121 0.0237 0.0724 0.0981 0.1053 0.0281 0.0315 0.0395 0.0461 0.0672 0.1091 0.1261 0.1275 0.03 0.036 0.0485 0.0683 0.0921 0.1209 0.1437 0.1635 0.033 0.0409 0.052 0.0674 0.0861 0.1153 0.1652 0.1816 0.0