n 66
m 3
tmax 23.3
-0.500 0.000 0 0.0 0.0656 0.0471 0.0262 0.0199 0.011 0.0078 0.0504 0.0505 0.0821 0.0425 0.0152 0.0071 0.0039 0.0077 0.0175 0.0297 0.0995 0.0454 0.0202 0.0068 0.0035 0.0078 0.0163 0.0392 0.1045 0.0668 0.0265 0.0042 0.003 0.0142 0.0251 0.0465 0.123 0.0831 0.0308 0.0094 0.0112 0.0303 0.0362 0.041 0.0846 0.0689 0.0381 0.0325 0.0448 0.0563 0.0532 0.0478 0.1041 0.1305 0.0583 0.0716 0.0879 0.0805 0.0812 0.0708 0.1895 0.1123 0.0687 0.0999 0.1204 0.0978 0.0975 0.0933 0.0043
-7.000 -7.000 35 0.0656 0.0 0.0189 0.0476 0.059 0.0721 0.0755 0.0788 0.1147 0.0089 0.0199 0.0447 0.0615 0.0747 0.0805 0.0996 0.1238 0.0249 0.0413 0.0518 0.0511 0.055 0.0611 0.0721 0.0903 0.0555 0.086 0.0781 0.0652 0.055 0.0543 0.0612 0.0857 0.0797 0.1215 0.1321 0.1071 0.0777 0.0746 0.071 0.0776 0.0871 0.1401 0.1726 0.15 0.1282 0.1198 0.0999 0.0821 0.087 0.1486 0.2261 0.1903 0.1873 0.1693 0.1461 0.1185 0.105 0.1755 0.25 0.2163 0.2257 0.2092 0.183 0.1635 0.0807
-7.000 -5.000 35 0.0471 0.0189 0.0 0.0208 0.0308 0.0435 0.0464 0.0501 0.0861 0.0226 0.023 0.032 0.0407 0.0509 0.0545 0.073 0.0969 0.0411 0.0448 0.0438 0.038 0.0391 0.0435 0.0531 0.0701 0.0861 0.0887 0.0628 0.0481 0.0392 0.0385 0.0456 0.0702 0.1182 0.1261 0.1097 0.0777 0.0525 0.0549 0.0535 0.0638 0.1315 0.1572 0.1504 0.1112 0.0917 0.0905 0.075 0.0606 0.1363 0.1791 0.2045 0.1482 0.1445 0.1285 0.1111 0.0863 0.1603 0.2227 0.2354 0.1716 0.1835 0.1604 0.1408 0.1231 0.0567
-7.000 -3.000 35 0.0262 0.0476 0.0208 0.0 0.0141 0.0275 0.0302 0.035 0.0714 0.0445 0.03 0.0171 0.0225 0.0329 0.0358 0.0551 0.0797 0.0629 0.0494 0.0274 0.0219 0.0258 0.0307 0.0403 0.0572 0.114 0.0745 0.0376 0.0275 0.0231 0.0276 0.0355 0.0609 0.1322 0.1055 0.0757 0.0466 0.031 0.0387 0.0403 0.0559 0.136 0.1339 0.1102 0.0706 0.0622 0.0673 0.0548 0.0468 0.1365 0.1694 0.1523 0.1025 0.1076 0.0969 0.0858 0.0612 0.1632 0.2233 0.1722 0.1222 0.1437 0.1207 0.1109 0.0913 0.032
-7.000 -1.000 35 0.0199 0.059 0.0308 0.0141 0.0 0.0113 0.0131 0.0195 0.0564 0.0568 0.0403 0.0232 0.0169 0.0177 0.0176 0.038 0.0634 0.0787 0.0499 0.0248 0.0187 0.0175 0.0183 0.0269 0.0442 0.116 0.0569 0.0314 0.0209 0.0173 0.0192 0.0268 0.0504 0.111 0.0885 0.0643 0.0327 0.0245 0.0325 0.0311 0.0509 0.1168 0.1194 0.0875 0.0501 0.0538 0.059 0.0416 0.0395 0.1237 0.1642 0.1128 0.0815 0.0959 0.0853 0.0695 0.0443 0.1627 0.2171 0.1164 0.1055 0.1296 0.1047 0.0966 0.0665 0.0224
-7.000 1.000 35 0.011 0.0721 0.0435 0.0275 0.0113 0.0 0.0026 0.0133 0.0511 0.0708 0.0529 0.033 0.0173 0.0072 0.0054 0.0301 0.057 0.0922 0.0513 0.0244 0.0142 0.008 0.0097 0.0217 0.0423 0.1048 0.0488 0.0273 0.0146 0.0082 0.0117 0.0222 0.0463 0.098 0.0864 0.0538 0.0214 0.0162 0.0246 0.0264 0.0535 0.118 0.1128 0.0654 0.0381 0.0476 0.0483 0.0304 0.0422 0.1262 0.1575 0.0785 0.0743 0.0914 0.0722 0.0514 0.0366 0.177 0.1827 0.0807 0.1051 0.1238 0.0894 0.0771 0.0449 0.0131
-7.000 3.000 35 0.0078 0.0755 0.0464 0.0302 0.0131 0.0026 0.0 0.0193 0.0546 0.0737 0.0542 0.0327 0.0154 0.0046 0.0079 0.0373 0.0609 0.0899 0.0424 0.0173 0.0083 0.0054 0.0202 0.0362 0.0581 0.0851 0.0381 0.0206 0.0079 0.0097 0.0232 0.0416 0.0621 0.0924 0.0831 0.0402 0.0145 0.0244 0.0342 0.0484 0.0734 0.1173 0.0956 0.0458 0.0382 0.0622 0.0528 0.0484 0.0712 0.1157 0.139 0.0613 0.0869 0.1042 0.0711 0.0611 0.0659 0.1813 0.1323 0.0787 0.1287 0.1299 0.0847 0.0803 0.0652 0.0124
-7.000 5.000 35 0.0504 0.0788 0.0501 0.035 0.0195 0.0133 0.0193 0.0 0.0191 0.0802 0.0614 0.042 0.0296 0.0287 0.0438 0.0324 0.0325 0.0941 0.0473 0.0298 0.0306 0.0437 0.0508 0.0383 0.042 0.0863 0.0522 0.0409 0.0425 0.0517 0.0457 0.0498 0.0509 0.1157 0.1076 0.0671 0.0541 0.0624 0.0528 0.0661 0.0642 0.14 0.1139 0.0781 0.0857 0.0942 0.065 0.07 0.0695 0.1344 0.1616 0.1072 0.1401 0.1223 0.0789 0.0809 0.0719 0.2202 0.1474 0.1395 0.1774 0.1308 0.0916 0.0976 0.0746 0.0554
-7.000 7.000 35 0.0505 0.1147 0.0861 0.0714 0.0564 0.0511 0.0546 0.0191 0.0 0.1164 0.0978 0.0794 0.0679 0.0655 0.0614 0.029 0.0145 0.1299 0.0834 0.0677 0.0651 0.0618 0.0444 0.037 0.0267 0.1214 0.0905 0.0726 0.0574 0.0471 0.0449 0.0529 0.0319 0.1555 0.1335 0.0784 0.0561 0.06 0.0605 0.0695 0.0385 0.1568 0.1171 0.0811 0.0934 0.0951 0.0759 0.0712 0.0392 0.1442 0.1628 0.1206 0.1513 0.1175 0.0925 0.0771 0.0386 0.2256 0.1512 0.1628 0.1772 0.1222 0.1083 0.0853 0.0389 0.0529
-5.000 -7.000 35 0.0821 0.0089 0.0226 0.0445 0.0568 0.0708 0.0737 0.0802 0.1164 0.0 0.0146 0.0346 0.0459 0.0527 0.0544 0.0696 0.089 0.0164 0.0387 0.0547 0.0502 0.0462 0.0447 0.0485 0.0616 0.048 0.0779 0.0851 0.0798 0.0663 0.059 0.0586 0.0752 0.0704 0.1092 0.1346 0.1243 0.1017 0.0961 0.0878 0.0848 0.0763 0.1223 0.1654 0.1638 0.1546 0.1518 0.1315 0.1089 0.0755 0.1285 0.2127 0.1953 0.2073 0.2015 0.1842 0.1597 0.0937 0.1541 0.2291 0.215 0.2345 0.2362 0.2192 0.2049 0.102
-5.000 -5.000 25 0.0425 0.0199 0.023 0.03 0.0403 0.0529 0.0542 0.0614 0.0978 0.0146 0.0 0.0187 0.028 0.0343 0.0355 0.0514 0.071 0.0359 0.0308 0.0293 0.0252 0.0236 0.0241 0.0295 0.0437 0.0831 0.074 0.0518 0.0419 0.0315 0.0286 0.0316 0.0513 0.1091 0.1117 0.1013 0.0771 0.0543 0.0529 0.049 0.0519 0.1189 0.1411 0.141 0.1123 0.0978 0.0968 0.0802 0.0626 0.1221 0.1631 0.1951 0.1481 0.1511 0.1394 0.1233 0.0996 0.1464 0.2066 0.2248 0.1702 0.1869 0.1722 0.154 0.1393 0.056
-5.000 -3.000 25 0.0152 0.0447 0.032 0.0171 0.0232 0.033 0.0327 0.042 0.0794 0.0346 0.0187 0.0 0.0099 0.0169 0.0186 0.0359 0.0561 0.0643 0.0331 0.0101 0.0068 0.0076 0.0099 0.0166 0.0315 0.1002 0.0494 0.0224 0.0157 0.0094 0.0108 0.0162 0.0381 0.1025 0.0841 0.0633 0.0378 0.022 0.0289 0.0271 0.0354 0.1081 0.1139 0.0976 0.0634 0.0568 0.0611 0.0485 0.036 0.1126 0.1538 0.1401 0.095 0.1035 0.0942 0.0831 0.0606 0.1448 0.2094 0.1593 0.1136 0.139 0.12 0.1083 0.0945 0.0229
-5.000 -1.000 25 0.0071 0.0615 0.0407 0.0225 0.0169 0.0173 0.0154 0.0296 0.0679 0.0459 0.028 0.0099 0.0 0.0067 0.0082 0.0274 0.0477 0.0738 0.0299 0.0067 0.0027 0.0031 0.0055 0.0126 0.0276 0.082 0.0337 0.0169 0.0077 0.0042 0.0067 0.013 0.0357 0.0839 0.077 0.0511 0.0212 0.0132 0.0222 0.0211 0.0341 0.1059 0.1068 0.0722 0.0398 0.0441 0.0505 0.0362 0.0279 0.1153 0.1551 0.0957 0.0722 0.087 0.0779 0.0665 0.0418 0.161 0.2014 0.0985 0.0962 0.1211 0.0981 0.0921 0.0694 0.0109
-5.000 1.000 25 0.0039 0.0747 0.0509 0.0329 0.0177 0.0072 0.0046 0.0287 0.0655 0.0527 0.0343 0.0169 0.0067 0.0 0.0026 0.0251 0.0452 0.0748 0.0274 0.0075 0.0029 0.0011 0.0042 0.0124 0.0275 0.0706 0.033 0.0163 0.0055 0.0024 0.0066 0.0139 0.0371 0.091 0.0826 0.042 0.013 0.0118 0.021 0.0199 0.039 0.1158 0.0983 0.0506 0.0322 0.0448 0.0462 0.028 0.0296 0.1151 0.1445 0.0646 0.0711 0.0892 0.0707 0.0526 0.031 0.1776 0.1533 0.0711 0.1034 0.1216 0.0879 0.0788 0.047 0.0067
-5.000 3.000 25 0.0077 0.0805 0.0545 0.0358 0.0176 0.0054 0.0079 0.0438 0.0614 0.0544 0.0355 0.0186 0.0082 0.0026 0.0 0.0219 0.0388 0.0722 0.0244 0.0073 0.0036 0.0043 0.0086 0.0134 0.0263 0.0659 0.0348 0.0171 0.006 0.0086 0.0109 0.0204 0.0371 0.1011 0.0834 0.0365 0.0148 0.0235 0.0226 0.0274 0.0478 0.1142 0.0832 0.0412 0.0434 0.0611 0.0415 0.0293 0.0429 0.1048 0.1314 0.0645 0.0954 0.1003 0.06 0.0447 0.0385 0.1877 0.1156 0.0898 0.1361 0.1227 0.0734 0.0656 0.0412 0.0133
-5.000 5.000 25 0.0175 0.0996 0.073 0.0551 0.038 0.0301 0.0373 0.0324 0.029 0.0696 0.0514 0.0359 0.0274 0.0251 0.0219 0.0 0.019 0.0848 0.0377 0.0226 0.0195 0.0186 0.0115 0.0097 0.0174 0.0787 0.0505 0.0305 0.0178 0.0154 0.0141 0.0261 0.0292 0.1208 0.0935 0.0411 0.026 0.031 0.0269 0.0438 0.0443 0.1144 0.0826 0.0513 0.0628 0.0667 0.0415 0.0484 0.0493 0.1129 0.1361 0.0899 0.1202 0.093 0.0571 0.0602 0.0513 0.1985 0.1223 0.1274 0.1523 0.1005 0.0713 0.0774 0.0539 0.0228
-5.000 7.000 35 0.0297 0.1238 0.0969 0.0797 0.0634 0.057 0.0609 0.0325 0.0145 0.089 0.071 0.0561 0.0477 0.0452 0.0388 0.019 0.0 0.0968 0.0496 0.0349 0.0307 0.0283 0.0228 0.0183 0.009 0.0887 0.0609 0.0388 0.0267 0.0278 0.0311 0.0342 0.0148 0.1327 0.099 0.0498 0.0428 0.0515 0.0472 0.0486 0.0217 0.1124 0.0913 0.0746 0.093 0.0833 0.0595 0.0486 0.0223 0.1376 0.1571 0.1293 0.1449 0.0993 0.074 0.0538 0.022 0.2181 0.1581 0.165 0.158 0.1019 0.0878 0.0614 0.0224 0.0405
-3.000 -7.000 35 0.0995 0.0249 0.0411 0.0629 0.0787 0.0922 0.0899 0.0941 0.1299 0.0164 0.0359 0.0643 0.0738 0.0748 0.0722 0.0848 0.0968 0.0 0.0432 0.0754 0.0756 0.073 0.0707 0.0728 0.0854 0.0303 0.0556 0.0787 0.092 0.0892 0.0876 0.0902 0.1069 0.0487 0.0795 0.1174 0.1274 0.1189 0.1239 0.1217 0.1195 0.0524 0.0863 0.133 0.1508 0.1619 0.1748 0.165 0.1489 0.0509 0.0914 0.1743 0.1707 0.1983 0.2127 0.21 0.1986 0.0696 0.117 0.1833 0.1843 0.2097 0.2299 0.2297 0.2303 0.1152
-3.000 -5.000 25 0.0454 0.0413 0.0448 0.0494 0.0499 0.0513 0.0424 0.0473 0.0834 0.0387 0.0308 0.0331 0.0299 0.0274 0.0244 0.0377 0.0496 0.0432 0.0 0.0229 0.0232 0.022 0.0211 0.0244 0.038 0.0577 0.0342 0.0346 0.0411 0.0369 0.0361 0.0394 0.0573 0.0703 0.0725 0.0807 0.0739 0.0613 0.0664 0.0646 0.0645 0.0776 0.0994 0.1145 0.1039 0.1051 0.1117 0.1008 0.0854 0.0809 0.122 0.1665 0.1337 0.1495 0.1516 0.1436 0.1285 0.1068 0.1653 0.1931 0.1521 0.1759 0.1779 0.1684 0.1632 0.0593
-3.000 -3.000 15 0.0202 0.0518 0.0438 0.0274 0.0248 0.0244 0.0173 0.0298 0.0677 0.0547 0.0293 0.0101 0.0067 0.0075 0.0073 0.0226 0.0349 0.0754 0.0229 0.0 0.0051 0.0062 0.0069 0.0113 0.0259 0.068 0.0311 0.0162 0.0169 0.014 0.0158 0.0209 0.0407 0.0803 0.0746 0.0601 0.0406 0.0301 0.0385 0.0387 0.0421 0.0959 0.1037 0.0927 0.0661 0.0665 0.0747 0.0658 0.0529 0.1035 0.1485 0.1347 0.096 0.1117 0.1094 0.1015 0.0852 0.1414 0.2043 0.1524 0.1123 0.1439 0.1342 0.1243 0.1169 0.0284
-3.000 -1.000 15 0.0068 0.0511 0.038 0.0219 0.0187 0.0142 0.0083 0.0306 0.0651 0.0502 0.0252 0.0068 0.0027 0.0029 0.0036 0.0195 0.0307 0.0756 0.0232 0.0051 0.0 0.0014 0.0029 0.0078 0.0231 0.0686 0.0374 0.0182 0.007 0.0041 0.008 0.0142 0.0353 0.0981 0.0872 0.049 0.0207 0.0145 0.0253 0.026 0.0331 0.1153 0.1039 0.0653 0.0397 0.0466 0.0553 0.0451 0.0351 0.1181 0.1546 0.0862 0.0723 0.0894 0.0831 0.0766 0.0572 0.1736 0.187 0.0884 0.0956 0.123 0.1034 0.0991 0.0861 0.0115
-3.000 1.000 15 0.0035 0.055 0.0391 0.0258 0.0175 0.008 0.0054 0.0437 0.0618 0.0462 0.0236 0.0076 0.0031 0.0011 0.0043 0.0186 0.0283 0.073 0.022 0.0062 0.0014 0.0 0.0027 0.0079 0.0238 0.0714 0.0426 0.0196 0.0045 0.0022 0.0063 0.0129 0.035 0.1128 0.0887 0.0372 0.0121 0.0132 0.0225 0.0209 0.0326 0.115 0.0844 0.0431 0.0346 0.048 0.049 0.0334 0.0267 0.1059 0.1362 0.0608 0.0766 0.0925 0.0738 0.0607 0.0381 0.1877 0.1267 0.0733 0.1097 0.1245 0.0909 0.0854 0.0604 0.0071
-3.000 3.000 15 0.0078 0.0611 0.0435 0.0307 0.0183 0.0097 0.0202 0.0508 0.0444 0.0447 0.0241 0.0099 0.0055 0.0042 0.0086 0.0115 0.0228 0.0707 0.0211 0.0069 0.0029 0.0027 0.0 0.0055 0.0219 0.0742 0.0459 0.0209 0.0068 0.0062 0.0051 0.0121 0.0336 0.1196 0.0859 0.0336 0.0176 0.0233 0.0188 0.0184 0.0369 0.1001 0.0741 0.0448 0.053 0.0613 0.0383 0.0228 0.0287 0.1081 0.1309 0.0786 0.1071 0.097 0.0568 0.0414 0.0275 0.1934 0.1141 0.1097 0.1436 0.116 0.0699 0.0633 0.0355 0.0146
-3.000 5.000 25 0.0163 0.0721 0.0531 0.0403 0.0269 0.0217 0.0362 0.0383 0.037 0.0485 0.0295 0.0166 0.0126 0.0124 0.0134 0.0097 0.0183 0.0728 0.0244 0.0113 0.0078 0.0079 0.0055 0.0 0.0135 0.0799 0.0518 0.0259 0.0132 0.0136 0.012 0.0181 0.0251 0.1264 0.0883 0.0401 0.0314 0.0337 0.0242 0.0336 0.037 0.0958 0.082 0.0642 0.0774 0.0654 0.0366 0.0369 0.0387 0.1363 0.1486 0.1133 0.1268 0.084 0.0514 0.0488 0.0391 0.2069 0.1418 0.144 0.1451 0.0881 0.0654 0.0658 0.0414 0.0271
-3.000 7.000 35 0.0392 0.0903 0.0701 0.0572 0.0442 0.0423 0.0581 0.042 0.0267 0.0616 0.0437 0.0315 0.0276 0.0275 0.0263 0.0174 0.009 0.0854 0.038 0.0259 0.0231 0.0238 0.0219 0.0135 0.0 0.0973 0.0695 0.0437 0.0329 0.0343 0.0325 0.0256 0.0078 0.1462 0.1075 0.0642 0.0594 0.0574 0.0432 0.0351 0.0145 0.1157 0.1131 0.1005 0.1072 0.0795 0.0485 0.0332 0.0149 0.1854 0.1841 0.1497 0.1402 0.0852 0.0601 0.0383 0.0146 0.2355 0.1757 0.1615 0.1386 0.0861 0.0723 0.0455 0.015 0.0529
-1.000 -7.000 35 0.1045 0.0555 0.0861 0.114 0.116 0.1048 0.0851 0.0863 0.1214 0.048 0.0831 0.1002 0.082 0.0706 0.0659 0.0787 0.0887 0.0303 0.0577 0.068 0.0686 0.0714 0.0742 0.0799 0.0973 0.0 0.0311 0.0656 0.0927 0.0975 0.1007 0.1079 0.1267 0.0175 0.0428 0.0917 0.1192 0.1257 0.1416 0.1463 0.1465 0.0209 0.0422 0.0858 0.1181 0.149 0.18 0.1847 0.1787 0.0206 0.0489 0.1257 0.1276 0.1618 0.1931 0.2075 0.2145 0.0413 0.0766 0.1282 0.1408 0.1629 0.1912 0.2021 0.2172 0.1187
-1.000 -5.000 25 0.0668 0.086 0.0887 0.0745 0.0569 0.0488 0.0381 0.0522 0.0905 0.0779 0.074 0.0494 0.0337 0.033 0.0348 0.0505 0.0609 0.0556 0.0342 0.0311 0.0374 0.0426 0.0459 0.0518 0.0695 0.0311 0.0 0.0333 0.0583 0.0614 0.0647 0.0721 0.0915 0.0408 0.0437 0.0664 0.081 0.0835 0.0983 0.1024 0.1033 0.0478 0.0652 0.088 0.0969 0.1154 0.1378 0.1376 0.1293 0.0514 0.0891 0.1382 0.1172 0.1448 0.1639 0.1691 0.1681 0.0798 0.1325 0.1613 0.1329 0.1574 0.1759 0.1784 0.1852 0.0773
-1.000 -3.000 15 0.0265 0.0781 0.0628 0.0376 0.0314 0.0273 0.0206 0.0409 0.0726 0.0851 0.0518 0.0224 0.0169 0.0163 0.0171 0.0305 0.0388 0.0787 0.0346 0.0162 0.0182 0.0196 0.0209 0.0259 0.0437 0.0656 0.0333 0.0 0.0219 0.0241 0.0288 0.0371 0.0575 0.0849 0.067 0.0418 0.0358 0.0373 0.0533 0.0581 0.0608 0.0876 0.0816 0.0686 0.0554 0.0671 0.0865 0.0852 0.0771 0.0865 0.1312 0.1093 0.0804 0.1052 0.1141 0.1155 0.1107 0.1316 0.1832 0.1246 0.0927 0.1297 0.1329 0.1305 0.1329 0.0315
-1.000 -1.000 5 0.0042 0.0652 0.0481 0.0275 0.0209 0.0146 0.0079 0.0425 0.0574 0.0798 0.0419 0.0157 0.0077 0.0055 0.006 0.0178 0.0267 0.092 0.0411 0.0169 0.007 0.0045 0.0068 0.0132 0.0329 0.0927 0.0583 0.0219 0.0 0.0048 0.0129 0.0226 0.0442 0.1188 0.0865 0.036 0.0126 0.0141 0.0316 0.0366 0.0412 0.1002 0.0808 0.0465 0.0321 0.0457 0.0611 0.058 0.0501 0.098 0.1396 0.0663 0.0649 0.0866 0.0871 0.0865 0.078 0.1808 0.1491 0.0699 0.0872 0.1184 0.1057 0.1043 0.1019 0.0078
-1.000 1.000 5 0.003 0.055 0.0392 0.0231 0.0173 0.0082 0.0097 0.0517 0.0471 0.0663 0.0315 0.0094 0.0042 0.0024 0.0086 0.0154 0.0278 0.0892 0.0369 0.014 0.0041 0.0022 0.0062 0.0136 0.0343 0.0975 0.0614 0.0241 0.0048 0.0 0.0097 0.0187 0.0408 0.1236 0.084 0.032 0.0126 0.0132 0.0244 0.0265 0.0329 0.0859 0.0707 0.0404 0.04 0.0499 0.0506 0.0421 0.0341 0.1109 0.1297 0.0656 0.0842 0.0935 0.0748 0.069 0.0519 0.1917 0.1083 0.0836 0.1164 0.124 0.091 0.0894 0.0768 0.0074
-1.000 3.000 15 0.0142 0.0543 0.0385 0.0276 0.0192 0.0117 0.0232 0.0457 0.0449 0.059 0.0286 0.0108 0.0067 0.0066 0.0109 0.0141 0.0311 0.0876 0.0361 0.0158 0.008 0.0063 0.0051 0.012 0.0325 0.1007 0.0647 0.0288 0.0129 0.0097 0.0 0.0094 0.0328 0.1288 0.0883 0.0417 0.0294 0.0256 0.0139 0.0121 0.0226 0.0889 0.0851 0.0637 0.0696 0.0593 0.0326 0.019 0.0168 0.1487 0.1468 0.1038 0.117 0.0878 0.0503 0.0399 0.0225 0.2013 0.1322 0.1309 0.1421 0.1021 0.0625 0.0612 0.0362 0.0226
-1.000 5.000 25 0.0251 0.0612 0.0456 0.0355 0.0268 0.0222 0.0416 0.0498 0.0529 0.0586 0.0316 0.0162 0.013 0.0139 0.0204 0.0261 0.0342 0.0902 0.0394 0.0209 0.0142 0.0129 0.0121 0.0181 0.0256 0.1079 0.0721 0.0371 0.0226 0.0187 0.0094 0.0 0.0194 0.1381 0.0982 0.0554 0.0449 0.0343 0.0138 0.0122 0.0178 0.1048 0.1077 0.0874 0.0854 0.0531 0.0222 0.0154 0.0159 0.1869 0.1677 0.128 0.1151 0.063 0.0366 0.0287 0.0165 0.2127 0.1502 0.1363 0.1191 0.0662 0.0506 0.0461 0.0201 0.0354
-1.000 7.000 35 0.0465 0.0857 0.0702 0.0609 0.0504 0.0463 0.0621 0.0509 0.0319 0.0752 0.0513 0.0381 0.0357 0.0371 0.0371 0.0292 0.0148 0.1069 0.0573 0.0407 0.0353 0.035 0.0336 0.0251 0.0078 0.1267 0.0915 0.0575 0.0442 0.0408 0.0328 0.0194 0.0 0.1571 0.1177 0.0768 0.0659 0.0504 0.0274 0.0169 0.0053 0.1295 0.1339 0.1103 0.0991 0.0575 0.0272 0.0145 0.0054 0.2175 0.1834 0.1386 0.1114 0.0591 0.0398 0.0208 0.0052 0.2173 0.1523 0.1283 0.1043 0.0622 0.0518 0.0281 0.0059 0.0556
1.000 -7.000 35 0.123 0.0797 0.1182 0.1322 0.111 0.098 0.0924 0.1157 0.1555 0.0704 0.1091 0.1025 0.0839 0.091 0.1011 0.1208 0.1327 0.0487 0.0703 0.0803 0.0981 0.1128 0.1196 0.1264 0.1462 0.0175 0.0408 0.0849 0.1188 0.1236 0.1288 0.1381 0.1571 0.0 0.0214 0.0667 0.0972 0.1096 0.1353 0.1488 0.153 0.0037 0.0122 0.0464 0.0729 0.1052 0.1429 0.1572 0.1616 0.0058 0.0235 0.0926 0.0989 0.1219 0.1475 0.1628 0.1763 0.0292 0.0549 0.0871 0.108 0.1283 0.1539 0.1583 0.1691 0.1099
1.000 -5.000 25 0.0831 0.1215 0.1261 0.1055 0.0885 0.0864 0.0831 0.1076 0.1335 0.1092 0.1117 0.0841 0.077 0.0826 0.0834 0.0935 0.099 0.0795 0.0725 0.0746 0.0872 0.0887 0.0859 0.0883 0.1075 0.0428 0.0437 0.067 0.0865 0.084 0.0883 0.0982 0.1177 0.0214 0.0 0.0411 0.0655 0.0759 0.1014 0.1141 0.1178 0.0136 0.0162 0.0414 0.0582 0.088 0.1219 0.1332 0.1349 0.0172 0.048 0.0953 0.0804 0.1055 0.1307 0.145 0.1558 0.0506 0.0932 0.1148 0.0993 0.1162 0.1363 0.1412 0.153 0.0738
1.000 -3.000 15 0.0308 0.1321 0.1097 0.0757 0.0643 0.0538 0.0402 0.0671 0.0784 0.1346 0.1013 0.0633 0.0511 0.042 0.0365 0.0411 0.0498 0.1174 0.0807 0.0601 0.049 0.0372 0.0336 0.0401 0.0642 0.0917 0.0664 0.0418 0.036 0.032 0.0417 0.0554 0.0768 0.0667 0.0411 0.0 0.0214 0.0342 0.0622 0.0751 0.0793 0.0389 0.0372 0.0274 0.029 0.0571 0.0877 0.0969 0.0969 0.0525 0.1043 0.0715 0.0499 0.082 0.1033 0.115 0.122 0.1263 0.1456 0.0856 0.0602 0.0977 0.1128 0.1176 0.1278 0.0275
1.000 -1.000 5 0.0094 0.1071 0.0777 0.0466 0.0327 0.0214 0.0145 0.0541 0.0561 0.1243 0.0771 0.0378 0.0212 0.013 0.0148 0.026 0.0428 0.1274 0.0739 0.0406 0.0207 0.0121 0.0176 0.0314 0.0594 0.1192 0.081 0.0358 0.0126 0.0126 0.0294 0.0449 0.0659 0.0972 0.0655 0.0214 0.0 0.0177 0.0477 0.0593 0.063 0.0592 0.0587 0.0281 0.0216 0.0424 0.0678 0.0749 0.0738 0.1077 0.1217 0.0476 0.0542 0.0777 0.0883 0.0954 0.0979 0.1794 0.1017 0.0534 0.0745 0.1061 0.102 0.1023 0.1105 0.0075
1.000 1.000 5 0.0112 0.0777 0.0525 0.031 0.0245 0.0162 0.0244 0.0624 0.06 0.1017 0.0543 0.022 0.0132 0.0118 0.0235 0.031 0.0515 0.1189 0.0613 0.0301 0.0145 0.0132 0.0233 0.0337 0.0574 0.1257 0.0835 0.0373 0.0141 0.0132 0.0256 0.0343 0.0504 0.1096 0.0759 0.0342 0.0177 0.0 0.0269 0.0342 0.037 0.0785 0.0803 0.0489 0.0423 0.0363 0.0419 0.0442 0.0417 0.1487 0.1278 0.0744 0.0812 0.0762 0.0615 0.0643 0.0605 0.1751 0.1013 0.0887 0.1075 0.1042 0.0754 0.0766 0.0767 0.0101
1.000 3.000 15 0.0303 0.0746 0.0549 0.0387 0.0325 0.0246 0.0342 0.0528 0.0605 0.0961 0.0529 0.0289 0.0222 0.021 0.0226 0.0269 0.0472 0.1239 0.0664 0.0385 0.0253 0.0225 0.0188 0.0242 0.0432 0.1416 0.0983 0.0533 0.0316 0.0244 0.0139 0.0138 0.0274 0.1353 0.1014 0.0622 0.0477 0.0269 0.0 0.0076 0.013 0.1162 0.1186 0.0871 0.0758 0.0434 0.0176 0.0144 0.0127 0.1949 0.1595 0.1146 0.1041 0.0621 0.0345 0.035 0.0246 0.195 0.1335 0.1196 0.1145 0.0733 0.0459 0.0529 0.0401 0.0353
1.000 5.000 25 0.0362 0.071 0.0535 0.0403 0.0311 0.0264 0.0484 0.0661 0.0695 0.0878 0.049 0.0271 0.0211 0.0199 0.0274 0.0438 0.0486 0.1217 0.0646 0.0387 0.026 0.0209 0.0184 0.0336 0.0351 0.1463 0.1024 0.0581 0.0366 0.0265 0.0121 0.0122 0.0169 0.1488 0.1141 0.0751 0.0593 0.0342 0.0076 0.0 0.0058 0.1373 0.1373 0.1026 0.0843 0.042 0.0138 0.006 0.0042 0.2126 0.1672 0.1207 0.0956 0.0474 0.0299 0.0218 0.0079 0.1923 0.1312 0.1122 0.0922 0.0538 0.0443 0.0394 0.0142 0.0442
1.000 7.000 35 0.041 0.0776 0.0638 0.0559 0.0509 0.0535 0.0734 0.0642 0.0385 0.0848 0.0519 0.0354 0.0341 0.039 0.0478 0.0443 0.0217 0.1195 0.0645 0.0421 0.0331 0.0326 0.0369 0.037 0.0145 0.1465 0.1033 0.0608 0.0412 0.0329 0.0226 0.0178 0.0053 0.153 0.1178 0.0793 0.063 0.037 0.013 0.0058 0.0 0.1467 0.1442 0.1073 0.0854 0.0414 0.0161 0.0047 0.0008 0.2144 0.1637 0.1175 0.0892 0.0456 0.0314 0.0122 0.0014 0.1798 0.1208 0.1022 0.0865 0.0529 0.0413 0.0187 0.0024 0.0484
3.000 -7.000 35 0.0846 0.0871 0.1315 0.136 0.1168 0.118 0.1173 0.14 0.1568 0.0763 0.1189 0.1081 0.1059 0.1158 0.1142 0.1144 0.1124 0.0524 0.0776 0.0959 0.1153 0.115 0.1001 0.0958 0.1157 0.0209 0.0478 0.0876 0.1002 0.0859 0.0889 0.1048 0.1295 0.0037 0.0136 0.0389 0.0592 0.0785 0.1162 0.1373 0.1467 0.0 0.0046 0.0471 0.0841 0.1171 0.1575 0.1729 0.1803 0.0053 0.0187 0.0809 0.1044 0.1365 0.1651 0.1809 0.1952 0.0314 0.0531 0.0679 0.0858 0.1178 0.1551 0.1674 0.1792 0.0693
3.000 -5.000 25 0.0689 0.1401 0.1572 0.1339 0.1194 0.1128 0.0956 0.1139 0.1171 0.1223 0.1411 0.1139 0.1068 0.0983 0.0832 0.0826 0.0913 0.0863 0.0994 0.1037 0.1039 0.0844 0.0741 0.082 0.1131 0.0422 0.0652 0.0816 0.0808 0.0707 0.0851 0.1077 0.1339 0.0122 0.0162 0.0372 0.0587 0.0803 0.1186 0.1373 0.1442 0.0046 0.0 0.0483 0.0749 0.1055 0.1437 0.1573 0.1633 0.0166 0.0411 0.0849 0.0905 0.1193 0.1452 0.1601 0.1734 0.0586 0.0819 0.0885 0.0941 0.1157 0.1438 0.1503 0.1598 0.0663
3.000 -3.000 15 0.0381 0.1726 0.1504 0.1102 0.0875 0.0654 0.0458 0.0781 0.0811 0.1654 0.141 0.0976 0.0722 0.0506 0.0412 0.0513 0.0746 0.133 0.1145 0.0927 0.0653 0.0431 0.0448 0.0642 0.1005 0.0858 0.088 0.0686 0.0465 0.0404 0.0637 0.0874 0.1103 0.0464 0.0414 0.0274 0.0281 0.0489 0.0871 0.1026 0.1073 0.0471 0.0483 0.0 0.0208 0.0577 0.0971 0.111 0.1172 0.092 0.0931 0.0383 0.0307 0.0659 0.0927 0.1094 0.123 0.1443 0.0952 0.0462 0.0355 0.0677 0.0935 0.0999 0.111 0.0353
3.000 -1.000 15 0.0325 0.15 0.1112 0.0706 0.0501 0.0381 0.0382 0.0857 0.0934 0.1638 0.1123 0.0634 0.0398 0.0322 0.0434 0.0628 0.093 0.1508 0.1039 0.0661 0.0397 0.0346 0.053 0.0774 0.1072 0.1181 0.0969 0.0554 0.0321 0.04 0.0696 0.0854 0.0991 0.0729 0.0582 0.029 0.0216 0.0423 0.0758 0.0843 0.0854 0.0841 0.0749 0.0208 0.0 0.0389 0.074 0.0851 0.0896 0.1277 0.0896 0.0299 0.0297 0.0541 0.0722 0.0868 0.0978 0.1276 0.0572 0.033 0.0463 0.0754 0.0806 0.0825 0.0922 0.0307
3.000 1.000 15 0.0448 0.1282 0.0917 0.0622 0.0538 0.0476 0.0622 0.0942 0.0951 0.1546 0.0978 0.0568 0.0441 0.0448 0.0611 0.0667 0.0833 0.1619 0.1051 0.0665 0.0466 0.048 0.0613 0.0654 0.0795 0.149 0.1154 0.0671 0.0457 0.0499 0.0593 0.0531 0.0575 0.1052 0.088 0.0571 0.0424 0.0363 0.0434 0.042 0.0414 0.1171 0.1055 0.0577 0.0389 0.0 0.0288 0.0393 0.0438 0.1567 0.1119 0.0654 0.0547 0.036 0.0341 0.0471 0.0552 0.1353 0.0776 0.0661 0.0716 0.0626 0.0442 0.0475 0.0564 0.0412
3.000 3.000 15 0.0563 0.1198 0.0905 0.0673 0.059 0.0483 0.0528 0.065 0.0759 0.1518 0.0968 0.0611 0.0505 0.0462 0.0415 0.0415 0.0595 0.1748 0.1117 0.0747 0.0553 0.049 0.0383 0.0366 0.0485 0.18 0.1378 0.0865 0.0611 0.0506 0.0326 0.0222 0.0272 0.1429 0.1219 0.0877 0.0678 0.0419 0.0176 0.0138 0.0161 0.1575 0.1437 0.0971 0.074 0.0288 0.0 0.0147 0.0199 0.1883 0.14 0.0962 0.0745 0.0333 0.0165 0.0273 0.0302 0.1544 0.1001 0.0862 0.0771 0.0435 0.0269 0.0379 0.0395 0.0589
3.000 5.000 25 0.0532 0.0999 0.075 0.0548 0.0416 0.0304 0.0484 0.07 0.0712 0.1315 0.0802 0.0485 0.0362 0.028 0.0293 0.0484 0.0486 0.165 0.1008 0.0658 0.0451 0.0334 0.0228 0.0369 0.0332 0.1847 0.1376 0.0852 0.058 0.0421 0.019 0.0154 0.0145 0.1572 0.1332 0.0969 0.0749 0.0442 0.0144 0.006 0.0047 0.1729 0.1573 0.111 0.0851 0.0393 0.0147 0.0 0.0037 0.1976 0.1478 0.1062 0.0815 0.0409 0.0263 0.0163 0.0084 0.1551 0.103 0.089 0.0773 0.0461 0.0371 0.0317 0.0148 0.0603
3.000 7.000 35 0.0478 0.0821 0.0606 0.0468 0.0395 0.0422 0.0712 0.0695 0.0392 0.1089 0.0626 0.036 0.0279 0.0296 0.0429 0.0493 0.0223 0.1489 0.0854 0.0529 0.0351 0.0267 0.0287 0.0387 0.0149 0.1787 0.1293 0.0771 0.0501 0.0341 0.0168 0.0159 0.0054 0.1616 0.1349 0.0969 0.0738 0.0417 0.0127 0.0042 0.0008 0.1803 0.1633 0.1172 0.0896 0.0438 0.0199 0.0037 0.0 0.2014 0.1514 0.1119 0.0865 0.0474 0.031 0.0091 0.0009 0.1553 0.1057 0.0927 0.0805 0.049 0.034 0.0133 0.0019 0.0564
5.000 -7.000 35 0.1041 0.087 0.1363 0.1365 0.1237 0.1262 0.1157 0.1344 0.1442 0.0755 0.1221 0.1126 0.1153 0.1151 0.1048 0.1129 0.1376 0.0509 0.0809 0.1035 0.1181 0.1059 0.1081 0.1363 0.1854 0.0206 0.0514 0.0865 0.098 0.1109 0.1487 0.1869 0.2175 0.0058 0.0172 0.0525 0.1077 0.1487 0.1949 0.2126 0.2144 0.0053 0.0166 0.092 0.1277 0.1567 0.1883 0.1976 0.2014 0.0 0.0248 0.0779 0.0931 0.1194 0.1476 0.1604 0.1747 0.025 0.0518 0.0598 0.0601 0.0769 0.1069 0.118 0.1282 0.1178
5.000 -5.000 25 0.1305 0.1486 0.1791 0.1694 0.1642 0.1575 0.139 0.1616 0.1628 0.1285 0.1631 0.1538 0.1551 0.1445 0.1314 0.1361 0.1571 0.0914 0.122 0.1485 0.1546 0.1362 0.1309 0.1486 0.1841 0.0489 0.0891 0.1312 0.1396 0.1297 0.1468 0.1677 0.1834 0.0235 0.048 0.1043 0.1217 0.1278 0.1595 0.1672 0.1637 0.0187 0.0411 0.0931 0.0896 0.1119 0.14 0.1478 0.1514 0.0248 0.0 0.0434 0.0516 0.0783 0.1056 0.1181 0.1318 0.0525 0.0345 0.0274 0.0299 0.0498 0.0793 0.0891 0.0981 0.1241
5.000 -3.000 25 0.0583 0.2261 0.2045 0.1523 0.1128 0.0785 0.0613 0.1072 0.1206 0.2127 0.1951 0.1401 0.0957 0.0646 0.0645 0.0899 0.1293 0.1743 0.1665 0.1347 0.0862 0.0608 0.0786 0.1133 0.1497 0.1257 0.1382 0.1093 0.0663 0.0656 0.1038 0.128 0.1386 0.0926 0.0953 0.0715 0.0476 0.0744 0.1146 0.1207 0.1175 0.0809 0.0849 0.0383 0.0299 0.0654 0.0962 0.1062 0.1119 0.0779 0.0434 0.0 0.0144 0.0488 0.0772 0.0907 0.1046 0.077 0.0276 0.0087 0.0103 0.035 0.0632 0.0713 0.0797 0.0572
5.000 -1.000 25 0.0716 0.1903 0.1482 0.1025 0.0815 0.0743 0.0869 0.1401 0.1513 0.1953 0.1481 0.095 0.0722 0.0711 0.0954 0.1202 0.1449 0.1707 0.1337 0.096 0.0723 0.0766 0.1071 0.1268 0.1402 0.1276 0.1172 0.0804 0.0649 0.0842 0.117 0.1151 0.1114 0.0989 0.0804 0.0499 0.0542 0.0812 0.1041 0.0956 0.0892 0.1044 0.0905 0.0307 0.0297 0.0547 0.0745 0.0815 0.0865 0.0931 0.0516 0.0144 0.0 0.0352 0.0579 0.0696 0.0822 0.0736 0.0239 0.0104 0.0144 0.0383 0.0552 0.0588 0.0653 0.0689
5.000 1.000 25 0.0879 0.1873 0.1445 0.1076 0.0959 0.0914 0.1042 0.1223 0.1175 0.2073 0.1511 0.1035 0.087 0.0892 0.1003 0.093 0.0993 0.1983 0.1495 0.1117 0.0894 0.0925 0.097 0.084 0.0852 0.1618 0.1448 0.1052 0.0866 0.0935 0.0878 0.063 0.0591 0.1219 0.1055 0.082 0.0777 0.0762 0.0621 0.0474 0.0456 0.1365 0.1193 0.0659 0.0541 0.036 0.0333 0.0409 0.0474 0.1194 0.0783 0.0488 0.0352 0.0 0.0184 0.0328 0.0457 0.0915 0.0458 0.0372 0.0367 0.0276 0.0221 0.0262 0.0339 0.0819
5.000 3.000 25 0.0805 0.1693 0.1285 0.0969 0.0853 0.0722 0.0711 0.0789 0.0925 0.2015 0.1394 0.0942 0.0779 0.0707 0.06 0.0571 0.074 0.2127 0.1516 0.1094 0.0831 0.0738 0.0568 0.0514 0.0601 0.1931 0.1639 0.1141 0.0871 0.0748 0.0503 0.0366 0.0398 0.1475 0.1307 0.1033 0.0883 0.0615 0.0345 0.0299 0.0314 0.1651 0.1452 0.0927 0.0722 0.0341 0.0165 0.0263 0.031 0.1476 0.1056 0.0772 0.0579 0.0184 0.0 0.0193 0.0302 0.1104 0.0658 0.0565 0.0494 0.0226 0.0095 0.0176 0.0242 0.0799
5.000 5.000 25 0.0812 0.1461 0.1111 0.0858 0.0695 0.0514 0.0611 0.0809 0.0771 0.1842 0.1233 0.0831 0.0665 0.0526 0.0447 0.0602 0.0538 0.21 0.1436 0.1015 0.0766 0.0607 0.0414 0.0488 0.0383 0.2075 0.1691 0.1155 0.0865 0.069 0.0399 0.0287 0.0208 0.1628 0.145 0.115 0.0954 0.0643 0.035 0.0218 0.0122 0.1809 0.1601 0.1094 0.0868 0.0471 0.0273 0.0163 0.0091 0.1604 0.1181 0.0907 0.0696 0.0328 0.0193 0.0 0.0066 0.1182 0.0748 0.066 0.0578 0.0304 0.0181 0.0122 0.0078 0.0827
5.000 7.000 35 0.0708 0.1185 0.0863 0.0612 0.0443 0.0366 0.0659 0.0719 0.0386 0.1597 0.0996 0.0606 0.0418 0.031 0.0385 0.0513 0.022 0.1986 0.1285 0.0852 0.0572 0.0381 0.0275 0.0391 0.0146 0.2145 0.1681 0.1107 0.078 0.0519 0.0225 0.0165 0.0052 0.1763 0.1558 0.122 0.0979 0.0605 0.0246 0.0079 0.0014 0.1952 0.1734 0.123 0.0978 0.0552 0.0302 0.0084 0.0009 0.1747 0.1318 0.1046 0.0822 0.0457 0.0302 0.0066 0.0 0.1262 0.0833 0.0741 0.0645 0.0354 0.0204 0.0067 0.0008 0.0787
7.000 -7.000 35 0.1895 0.105 0.1603 0.1632 0.1627 0.177 0.1813 0.2202 0.2256 0.0937 0.1464 0.1448 0.161 0.1776 0.1877 0.1985 0.2181 0.0696 0.1068 0.1414 0.1736 0.1877 0.1934 0.2069 0.2355 0.0413 0.0798 0.1316 0.1808 0.1917 0.2013 0.2127 0.2173 0.0292 0.0506 0.1263 0.1794 0.1751 0.195 0.1923 0.1798 0.0314 0.0586 0.1443 0.1276 0.1353 0.1544 0.1551 0.1553 0.025 0.0525 0.077 0.0736 0.0915 0.1104 0.1182 0.1262 0.0 0.0384 0.0561 0.0516 0.0575 0.0799 0.0843 0.0882 0.1835
7.000 -5.000 35 0.1123 0.1755 0.2227 0.2233 0.2171 0.1827 0.1323 0.1474 0.1512 0.1541 0.2066 0.2094 0.2014 0.1533 0.1156 0.1223 0.1581 0.117 0.1653 0.2043 0.187 0.1267 0.1141 0.1418 0.1757 0.0766 0.1325 0.1832 0.1491 0.1083 0.1322 0.1502 0.1523 0.0549 0.0932 0.1456 0.1017 0.1013 0.1335 0.1312 0.1208 0.0531 0.0819 0.0952 0.0572 0.0776 0.1001 0.103 0.1057 0.0518 0.0345 0.0276 0.0239 0.0458 0.0658 0.0748 0.0833 0.0384 0.0 0.0106 0.0086 0.018 0.0421 0.0474 0.0518 0.0984
7.000 -3.000 35 0.0687 0.25 0.2354 0.1722 0.1164 0.0807 0.0787 0.1395 0.1628 0.2291 0.2248 0.1593 0.0985 0.0711 0.0898 0.1274 0.165 0.1833 0.1931 0.1524 0.0884 0.0733 0.1097 0.144 0.1615 0.1282 0.1613 0.1246 0.0699 0.0836 0.1309 0.1363 0.1283 0.0871 0.1148 0.0856 0.0534 0.0887 0.1196 0.1122 0.1022 0.0679 0.0885 0.0462 0.033 0.0661 0.0862 0.089 0.0927 0.0598 0.0274 0.0087 0.0104 0.0372 0.0565 0.066 0.0741 0.0561 0.0106 0.0 0.002 0.0151 0.0398 0.0447 0.0489 0.069
7.000 -1.000 35 0.0999 0.2163 0.1716 0.1222 0.1055 0.1051 0.1287 0.1774 0.1772 0.215 0.1702 0.1136 0.0962 0.1034 0.1361 0.1523 0.158 0.1843 0.1521 0.1123 0.0956 0.1097 0.1436 0.1451 0.1386 0.1408 0.1329 0.0927 0.0872 0.1164 0.1421 0.1191 0.1043 0.108 0.0993 0.0602 0.0745 0.1075 0.1145 0.0922 0.0865 0.0858 0.0941 0.0355 0.0463 0.0716 0.0771 0.0773 0.0805 0.0601 0.0299 0.0103 0.0144 0.0367 0.0494 0.0578 0.0645 0.0516 0.0086 0.002 0.0 0.0166 0.0386 0.0415 0.0447 0.0952
7.000 1.000 35 0.1204 0.2257 0.1835 0.1437 0.1296 0.1238 0.1299 0.1308 0.1222 0.2345 0.1869 0.139 0.1211 0.1216 0.1227 0.1005 0.1019 0.2097 0.1759 0.1439 0.123 0.1245 0.116 0.0881 0.0861 0.1629 0.1574 0.1297 0.1184 0.124 0.1021 0.0662 0.0622 0.1283 0.1162 0.0977 0.1061 0.1042 0.0733 0.0538 0.0529 0.1178 0.1157 0.0677 0.0754 0.0626 0.0435 0.0461 0.049 0.0769 0.0498 0.035 0.0383 0.0276 0.0226 0.0304 0.0354 0.0575 0.018 0.0151 0.0166 0.0 0.0145 0.0163 0.0194 0.1135
7.000 3.000 35 0.0978 0.2092 0.1604 0.1207 0.1047 0.0894 0.0847 0.0916 0.1083 0.2362 0.1722 0.12 0.0981 0.0879 0.0734 0.0713 0.0878 0.2299 0.1779 0.1342 0.1034 0.0909 0.0699 0.0654 0.0723 0.1912 0.1759 0.1329 0.1057 0.091 0.0625 0.0506 0.0518 0.1539 0.1363 0.1128 0.102 0.0754 0.0459 0.0443 0.0413 0.1551 0.1438 0.0935 0.0806 0.0442 0.0269 0.0371 0.034 0.1069 0.0793 0.0632 0.0552 0.0221 0.0095 0.0181 0.0204 0.0799 0.0421 0.0398 0.0386 0.0145 0.0 0.006 0.01 0.0956
7.000 5.000 35 0.0975 0.183 0.1408 0.1109 0.0966 0.0771 0.0803 0.0976 0.0853 0.2192 0.154 0.1083 0.0921 0.0788 0.0656 0.0774 0.0614 0.2297 0.1684 0.1243 0.0991 0.0854 0.0633 0.0658 0.0455 0.2021 0.1784 0.1305 0.1043 0.0894 0.0612 0.0461 0.0281 0.1583 0.1412 0.1176 0.1023 0.0766 0.0529 0.0394 0.0187 0.1674 0.1503 0.0999 0.0825 0.0475 0.0379 0.0317 0.0133 0.118 0.0891 0.0713 0.0588 0.0262 0.0176 0.0122 0.0067 0.0843 0.0474 0.0447 0.0415 0.0163 0.006 0.0 0.0025 0.0944
7.000 7.000 35 0.0933 0.1635 0.1231 0.0913 0.0665 0.0449 0.0652 0.0746 0.0389 0.2049 0.1393 0.0945 0.0694 0.047 0.0412 0.0539 0.0224 0.2303 0.1632 0.1169 0.0861 0.0604 0.0355 0.0414 0.015 0.2172 0.1852 0.1329 0.1019 0.0768 0.0362 0.0201 0.0059 0.1691 0.153 0.1278 0.1105 0.0767 0.0401 0.0142 0.0024 0.1792 0.1598 0.111 0.0922 0.0564 0.0395 0.0148 0.0019 0.1282 0.0981 0.0797 0.0653 0.0339 0.0242 0.0078 0.0008 0.0882 0.0518 0.0489 0.0447 0.0194 0.01 0.0025 0.0 0.0973
0.500 0.000 0 0.0043 0.0807 0.0567 0.032 0.0224 0.0131 0.0124 0.0554 0.0529 0.102 0.056 0.0229 0.0109 0.0067 0.0133 0.0228 0.0405 0.1152 0.0593 0.0284 0.0115 0.0071 0.0146 0.0271 0.0529 0.1187 0.0773 0.0315 0.0078 0.0074 0.0226 0.0354 0.0556 0.1099 0.0738 0.0275 0.0075 0.0101 0.0353 0.0442 0.0484 0.0693 0.0663 0.0353 0.0307 0.0412 0.0589 0.0603 0.0564 0.1178 0.1241 0.0572 0.0689 0.0819 0.0799 0.0827 0.0787 0.1835 0.0984 0.069 0.0952 0.1135 0.0956 0.0944 0.0973 0.0