n 66
m 3
tmax 16.7
-0.500 0.000 0 0.0 0.0937 0.0922 0.0789 0.0562 0.0518 0.0391 0.0248 0.019 0.0955 0.0854 0.0668 0.0463 0.0453 0.0298 0.0187 0.0253 0.1114 0.072 0.0477 0.0309 0.022 0.016 0.0167 0.0427 0.1225 0.0971 0.0707 0.0257 0.0136 0.0172 0.0304 0.0667 0.1021 0.1055 0.0897 0.0511 0.0292 0.0226 0.041 0.0809 0.1189 0.1185 0.0851 0.0541 0.0349 0.0244 0.0296 0.0591 0.1444 0.1475 0.1119 0.0595 0.033 0.0251 0.0225 0.0408 0.1693 0.1802 0.1504 0.0779 0.0411 0.0413 0.0243 0.03 0.0235
-7.000 -7.000 35 0.0937 0.0 0.0017 0.0048 0.0093 0.0118 0.0117 0.0114 0.0113 0.0029 0.0078 0.0166 0.0371 0.0409 0.0391 0.0326 0.0298 0.0195 0.0274 0.0404 0.0692 0.0824 0.089 0.0766 0.0754 0.0669 0.0661 0.0558 0.0741 0.0942 0.0989 0.1036 0.1242 0.0889 0.0931 0.0907 0.1145 0.1449 0.1136 0.1217 0.1531 0.0886 0.0999 0.1181 0.1268 0.1576 0.1526 0.1301 0.1572 0.0929 0.1185 0.1647 0.1598 0.1406 0.1603 0.154 0.147 0.1052 0.1352 0.2089 0.2223 0.1577 0.1648 0.1636 0.1599 0.1239
-7.000 -5.000 35 0.0922 0.0017 0.0 0.003 0.0075 0.0096 0.0093 0.0089 0.0088 0.0076 0.0066 0.0131 0.0302 0.0317 0.0293 0.0235 0.0215 0.0311 0.0253 0.042 0.0641 0.0707 0.072 0.0573 0.0563 0.0801 0.0535 0.058 0.0773 0.0866 0.0891 0.0873 0.1032 0.0952 0.0814 0.084 0.1248 0.1361 0.1009 0.113 0.1389 0.0909 0.0893 0.1085 0.1362 0.1681 0.1315 0.114 0.1529 0.0947 0.1155 0.1569 0.1534 0.1611 0.1574 0.1265 0.1329 0.108 0.141 0.2109 0.2007 0.1613 0.1807 0.1515 0.1294 0.1233
-7.000 -3.000 35 0.0789 0.0048 0.003 0.0 0.0044 0.0058 0.0053 0.0049 0.0047 0.015 0.0117 0.0129 0.0201 0.0191 0.0171 0.0128 0.012 0.0413 0.0352 0.054 0.0509 0.0518 0.0486 0.0339 0.0354 0.0859 0.0668 0.0784 0.072 0.0707 0.0667 0.0599 0.0745 0.0945 0.094 0.1071 0.1305 0.109 0.0794 0.0924 0.1111 0.0922 0.1093 0.1349 0.1569 0.146 0.0947 0.0972 0.1353 0.1036 0.1452 0.1835 0.1753 0.1591 0.1157 0.0895 0.1236 0.126 0.1821 0.2416 0.2131 0.1714 0.1504 0.1004 0.1009 0.1091
-7.000 -1.000 35 0.0562 0.0093 0.0075 0.0044 0.0 0.001 0.0009 0.0008 0.0008 0.0271 0.0254 0.0216 0.0091 0.0067 0.006 0.0038 0.0043 0.0636 0.0646 0.0582 0.0323 0.0316 0.0251 0.0139 0.0191 0.1135 0.0956 0.0695 0.0498 0.0499 0.0415 0.0309 0.0492 0.1261 0.1118 0.098 0.1065 0.0755 0.0551 0.0634 0.0802 0.1219 0.1217 0.1303 0.1406 0.0986 0.0612 0.0811 0.1065 0.1328 0.162 0.18 0.1569 0.1083 0.0666 0.0692 0.113 0.1584 0.2073 0.2367 0.186 0.1223 0.0875 0.0643 0.0938 0.0791
-7.000 1.000 35 0.0518 0.0118 0.0096 0.0058 0.001 0.0 0.0001 0.0002 0.0003 0.0371 0.0355 0.0251 0.0068 0.0027 0.0019 0.0013 0.0024 0.0833 0.0772 0.0494 0.028 0.0234 0.0108 0.0055 0.013 0.1287 0.0866 0.0531 0.049 0.041 0.0207 0.015 0.0397 0.1162 0.09 0.0965 0.1047 0.0564 0.0351 0.0416 0.0674 0.0987 0.1134 0.1406 0.1278 0.0676 0.0407 0.0659 0.086 0.1205 0.1749 0.1886 0.1329 0.0672 0.0403 0.0616 0.0992 0.1669 0.2342 0.2363 0.1461 0.0731 0.0514 0.0548 0.0938 0.069
-7.000 3.000 35 0.0391 0.0117 0.0093 0.0053 0.0009 0.0001 0.0 0.0001 0.0002 0.0429 0.0404 0.026 0.0083 0.0027 0.0005 0.0007 0.0016 0.0932 0.08 0.0483 0.0334 0.0173 0.0038 0.0046 0.01 0.1257 0.0791 0.0588 0.05 0.0237 0.0075 0.015 0.0364 0.1028 0.0945 0.1157 0.0908 0.0299 0.0211 0.0391 0.0703 0.1035 0.1437 0.1496 0.0926 0.031 0.0304 0.0642 0.0912 0.1589 0.2072 0.1711 0.079 0.0268 0.0305 0.0666 0.1054 0.2188 0.25 0.1916 0.0766 0.0362 0.0385 0.0641 0.105 0.0491
-7.000 5.000 35 0.0248 0.0114 0.0089 0.0049 0.0008 0.0002 0.0001 0.0 0.0001 0.0472 0.0437 0.0269 0.0097 0.0029 0.0006 0.0008 0.0007 0.0994 0.0825 0.0511 0.0355 0.0126 0.003 0.0066 0.006 0.1238 0.0796 0.0626 0.0415 0.0132 0.0073 0.0255 0.0269 0.1015 0.1042 0.1158 0.0669 0.018 0.0269 0.0595 0.061 0.1233 0.1562 0.1253 0.0567 0.0219 0.044 0.0946 0.0896 0.1844 0.1954 0.1229 0.0406 0.0244 0.0517 0.1052 0.1143 0.2213 0.2101 0.1313 0.0408 0.0435 0.0635 0.1095 0.125 0.0296
-7.000 7.000 35 0.019 0.0113 0.0088 0.0047 0.0008 0.0003 0.0002 0.0001 0.0 0.0506 0.0463 0.0279 0.011 0.0033 0.0013 0.001 0.0001 0.104 0.085 0.0536 0.036 0.0116 0.0056 0.0082 0.0018 0.1225 0.0795 0.0613 0.0335 0.0122 0.0157 0.0327 0.0118 0.101 0.1086 0.1108 0.0579 0.0241 0.047 0.0726 0.0304 0.1362 0.1542 0.1048 0.0466 0.0393 0.077 0.1054 0.0454 0.1857 0.172 0.0959 0.0425 0.054 0.0932 0.1141 0.0624 0.2022 0.1761 0.1121 0.0552 0.0858 0.1079 0.1157 0.0695 0.0267
-5.000 -7.000 35 0.0955 0.0029 0.0076 0.015 0.0271 0.0371 0.0429 0.0472 0.0506 0.0 0.0125 0.0276 0.0615 0.0771 0.0859 0.0852 0.0864 0.0198 0.0301 0.0451 0.0752 0.0966 0.1141 0.1148 0.1258 0.0677 0.0719 0.0624 0.0724 0.0939 0.0982 0.1083 0.1388 0.0856 0.0915 0.1026 0.1208 0.1542 0.1277 0.1249 0.1558 0.0832 0.0948 0.1223 0.1376 0.1544 0.1648 0.1496 0.1614 0.0866 0.1109 0.163 0.1732 0.1474 0.1505 0.1649 0.1694 0.0984 0.126 0.2009 0.233 0.1772 0.1676 0.1546 0.1671 0.1281
-5.000 -5.000 25 0.0854 0.0078 0.0066 0.0117 0.0254 0.0355 0.0404 0.0437 0.0463 0.0125 0.0 0.0174 0.052 0.0659 0.0736 0.0724 0.0733 0.0327 0.0183 0.0346 0.0635 0.0835 0.0989 0.0979 0.1078 0.0748 0.0472 0.0459 0.0652 0.0838 0.0886 0.0982 0.1274 0.0823 0.0724 0.074 0.1088 0.1351 0.1055 0.1112 0.145 0.0764 0.0796 0.0987 0.1167 0.1519 0.1423 0.1201 0.1447 0.0812 0.1056 0.1475 0.1399 0.1351 0.1493 0.1407 0.1374 0.0956 0.1307 0.2002 0.1932 0.141 0.1577 0.1521 0.1461 0.116
-5.000 -3.000 25 0.0668 0.0166 0.0131 0.0129 0.0216 0.0251 0.026 0.0269 0.0279 0.0276 0.0174 0.0 0.0289 0.0387 0.0449 0.043 0.0438 0.0509 0.0348 0.0369 0.0424 0.0568 0.0681 0.0646 0.0733 0.0849 0.0606 0.0547 0.0559 0.0614 0.0648 0.0713 0.0978 0.0862 0.0804 0.0826 0.112 0.1051 0.0731 0.0863 0.1188 0.0817 0.0936 0.1096 0.132 0.1381 0.0962 0.0852 0.1246 0.0929 0.1289 0.1584 0.1495 0.1424 0.1191 0.0902 0.1037 0.1154 0.1658 0.2166 0.1886 0.1499 0.1487 0.1092 0.094 0.0998
-5.000 -1.000 25 0.0463 0.0371 0.0302 0.0201 0.0091 0.0068 0.0083 0.0097 0.011 0.0615 0.052 0.0289 0.0 0.0132 0.0208 0.0198 0.0215 0.0894 0.07 0.0423 0.0208 0.0311 0.038 0.0339 0.0432 0.1161 0.076 0.0459 0.0363 0.0416 0.0438 0.0452 0.07 0.1008 0.081 0.0802 0.0957 0.0693 0.05 0.0702 0.0956 0.0895 0.0974 0.1158 0.1276 0.0932 0.056 0.0718 0.1129 0.1055 0.1458 0.1665 0.143 0.1023 0.0641 0.0582 0.1 0.1395 0.196 0.2228 0.1716 0.116 0.0876 0.0578 0.0751 0.0706
-5.000 1.000 25 0.0453 0.0409 0.0317 0.0191 0.0067 0.0027 0.0027 0.0029 0.0033 0.0771 0.0659 0.0387 0.0132 0.0 0.006 0.0054 0.0077 0.1064 0.0824 0.0492 0.0303 0.021 0.0149 0.0117 0.0223 0.1195 0.0749 0.0533 0.0468 0.0342 0.0225 0.0197 0.0466 0.0954 0.0867 0.1059 0.0997 0.0489 0.034 0.0473 0.0708 0.0959 0.1302 0.1447 0.1156 0.0587 0.0369 0.0648 0.0912 0.1421 0.1934 0.1833 0.1171 0.0575 0.0358 0.055 0.0988 0.1963 0.2454 0.223 0.128 0.0635 0.0471 0.0468 0.085 0.0614
-5.000 3.000 25 0.0298 0.0391 0.0293 0.0171 0.006 0.0019 0.0005 0.0006 0.0013 0.0859 0.0736 0.0449 0.0208 0.006 0.0 0.0013 0.0045 0.1181 0.0928 0.0598 0.0397 0.0156 0.0034 0.0046 0.0154 0.1249 0.083 0.065 0.044 0.0173 0.0067 0.0134 0.041 0.1034 0.1095 0.1191 0.0783 0.0238 0.021 0.0383 0.0688 0.1276 0.1596 0.1356 0.0725 0.0249 0.0297 0.0623 0.0862 0.1855 0.2025 0.1432 0.0587 0.0218 0.0295 0.0631 0.099 0.2266 0.2272 0.1587 0.0581 0.0338 0.0374 0.0597 0.0971 0.0392
-5.000 5.000 25 0.0187 0.0326 0.0235 0.0128 0.0038 0.0013 0.0007 0.0008 0.001 0.0852 0.0724 0.043 0.0198 0.0054 0.0013 0.0 0.0024 0.1192 0.093 0.0598 0.0382 0.0123 0.0038 0.0071 0.0099 0.1198 0.0793 0.0608 0.0325 0.0105 0.0098 0.027 0.0342 0.1021 0.1131 0.1124 0.0601 0.0193 0.0323 0.0618 0.0687 0.1414 0.1543 0.1053 0.0458 0.0263 0.0506 0.0959 0.0955 0.186 0.1723 0.0992 0.0359 0.0317 0.0586 0.1055 0.1177 0.2011 0.1802 0.1138 0.0412 0.0543 0.07 0.109 0.1258 0.0251
-5.000 7.000 35 0.0253 0.0298 0.0215 0.012 0.0043 0.0024 0.0016 0.0007 0.0001 0.0864 0.0733 0.0438 0.0215 0.0077 0.0045 0.0024 0.0 0.1215 0.095 0.0619 0.0404 0.0158 0.011 0.0107 0.0024 0.1181 0.0797 0.0624 0.034 0.0195 0.026 0.0362 0.0135 0.1092 0.1234 0.1168 0.0633 0.0391 0.0621 0.075 0.0323 0.1574 0.155 0.0993 0.0556 0.0596 0.0913 0.1034 0.0469 0.1842 0.162 0.098 0.0606 0.0756 0.1034 0.1091 0.0637 0.1902 0.1718 0.1239 0.0774 0.1076 0.113 0.109 0.0703 0.0361
-3.000 -7.000 35 0.1114 0.0195 0.0311 0.0413 0.0636 0.0833 0.0932 0.0994 0.104 0.0198 0.0327 0.0509 0.0894 0.1064 0.1181 0.1192 0.1215 0.0 0.0345 0.0502 0.0747 0.0904 0.1055 0.1054 0.1192 0.0418 0.0609 0.0747 0.083 0.102 0.0982 0.1011 0.1269 0.0514 0.0595 0.0901 0.1341 0.1791 0.1666 0.1581 0.1789 0.0466 0.0587 0.0897 0.1231 0.15 0.1754 0.1852 0.2017 0.0497 0.0725 0.1247 0.1483 0.1363 0.139 0.16 0.1877 0.0615 0.0863 0.1565 0.203 0.1653 0.1598 0.1403 0.153 0.1501
-3.000 -5.000 25 0.072 0.0274 0.0253 0.0352 0.0646 0.0772 0.08 0.0825 0.085 0.0301 0.0183 0.0348 0.07 0.0824 0.0928 0.093 0.095 0.0345 0.0 0.0228 0.0488 0.0656 0.0808 0.0807 0.0951 0.0563 0.0326 0.0309 0.0462 0.0673 0.0666 0.0724 0.1005 0.0544 0.0524 0.0611 0.0928 0.1324 0.1131 0.1093 0.1359 0.0494 0.0589 0.0828 0.0987 0.1225 0.14 0.1344 0.148 0.0569 0.0849 0.1305 0.1282 0.1107 0.1191 0.1347 0.1484 0.0732 0.1099 0.1807 0.1855 0.1296 0.1303 0.1221 0.1359 0.1066
-3.000 -3.000 15 0.0477 0.0404 0.042 0.054 0.0582 0.0494 0.0483 0.0511 0.0536 0.0451 0.0346 0.0369 0.0423 0.0492 0.0598 0.0598 0.0619 0.0502 0.0228 0.0 0.0205 0.0375 0.0519 0.0515 0.0663 0.0686 0.0348 0.0175 0.0279 0.0423 0.0417 0.0484 0.0772 0.0569 0.0473 0.0504 0.0831 0.1008 0.0704 0.0737 0.1045 0.0512 0.0633 0.0787 0.0966 0.1188 0.1032 0.0866 0.1077 0.0664 0.102 0.1295 0.1162 0.1113 0.1139 0.1024 0.103 0.0926 0.1413 0.1887 0.1593 0.1175 0.1304 0.1131 0.1069 0.0834
-3.000 -1.000 15 0.0309 0.0692 0.0641 0.0509 0.0323 0.028 0.0334 0.0355 0.036 0.0752 0.0635 0.0424 0.0208 0.0303 0.0397 0.0382 0.0404 0.0747 0.0488 0.0205 0.0 0.0207 0.0335 0.0326 0.0481 0.0826 0.0451 0.0245 0.019 0.0237 0.0251 0.0329 0.0624 0.0618 0.059 0.0705 0.085 0.061 0.0361 0.0525 0.0856 0.0658 0.0924 0.1073 0.1131 0.086 0.0511 0.0503 0.0888 0.1038 0.1473 0.1564 0.1274 0.0934 0.0639 0.048 0.0689 0.1476 0.1982 0.2104 0.1559 0.1065 0.0892 0.0567 0.0558 0.0603
-3.000 1.000 15 0.022 0.0824 0.0707 0.0518 0.0316 0.0234 0.0173 0.0126 0.0116 0.0966 0.0835 0.0568 0.0311 0.021 0.0156 0.0123 0.0158 0.0904 0.0656 0.0375 0.0207 0.0 0.0094 0.0093 0.0268 0.0951 0.0608 0.0449 0.0271 0.0106 0.0092 0.0157 0.0454 0.082 0.0929 0.1046 0.0767 0.0281 0.0179 0.0393 0.0683 0.1146 0.1411 0.127 0.0843 0.0374 0.0195 0.0447 0.0831 0.167 0.1905 0.1528 0.0838 0.0363 0.0192 0.0316 0.0757 0.2073 0.2277 0.1854 0.094 0.0433 0.0318 0.0255 0.0545 0.0384
-3.000 3.000 15 0.016 0.089 0.072 0.0486 0.0251 0.0108 0.0038 0.003 0.0056 0.1141 0.0989 0.0681 0.038 0.0149 0.0034 0.0038 0.011 0.1055 0.0808 0.0519 0.0335 0.0094 0.0 0.0039 0.024 0.1062 0.0734 0.0568 0.029 0.0077 0.0041 0.011 0.0422 0.1046 0.1178 0.1134 0.0614 0.0166 0.0198 0.0377 0.0652 0.1491 0.1544 0.1058 0.0491 0.0183 0.0275 0.0585 0.0825 0.1833 0.1736 0.1063 0.0387 0.017 0.0268 0.0565 0.0929 0.1999 0.1872 0.1239 0.0415 0.0321 0.0347 0.052 0.0873 0.0271
-3.000 5.000 25 0.0167 0.0766 0.0573 0.0339 0.0139 0.0055 0.0046 0.0066 0.0082 0.1148 0.0979 0.0646 0.0339 0.0117 0.0046 0.0071 0.0107 0.1054 0.0807 0.0515 0.0326 0.0093 0.0039 0.0 0.0167 0.1062 0.075 0.0583 0.0277 0.0106 0.0109 0.0201 0.0362 0.1165 0.128 0.1129 0.0565 0.0238 0.0359 0.0552 0.0656 0.158 0.1443 0.0857 0.0402 0.0326 0.0533 0.0871 0.0882 0.1697 0.148 0.0831 0.0372 0.0388 0.0601 0.0949 0.1072 0.1766 0.1577 0.1066 0.0458 0.0638 0.0697 0.0973 0.1126 0.0284
-3.000 7.000 35 0.0427 0.0754 0.0563 0.0354 0.0191 0.013 0.01 0.006 0.0018 0.1258 0.1078 0.0733 0.0432 0.0223 0.0154 0.0099 0.0024 0.1192 0.0951 0.0663 0.0481 0.0268 0.024 0.0167 0.0 0.1239 0.0946 0.0789 0.0484 0.0358 0.039 0.0363 0.0118 0.1473 0.1568 0.1366 0.0829 0.0612 0.0762 0.0694 0.0298 0.1811 0.159 0.1036 0.0739 0.0781 0.0965 0.0907 0.0435 0.1827 0.1653 0.1125 0.0815 0.089 0.0995 0.0936 0.0598 0.1963 0.1849 0.1435 0.0948 0.1158 0.1021 0.0927 0.0655 0.0565
-1.000 -7.000 35 0.1225 0.0669 0.0801 0.0859 0.1135 0.1287 0.1257 0.1238 0.1225 0.0677 0.0748 0.0849 0.1161 0.1195 0.1249 0.1198 0.1181 0.0418 0.0563 0.0686 0.0826 0.0951 0.1062 0.1062 0.1239 0.0 0.0264 0.0591 0.0871 0.1301 0.1378 0.1462 0.1761 0.0093 0.0114 0.0307 0.0789 0.1413 0.1634 0.1824 0.2211 0.0085 0.017 0.0402 0.0626 0.0732 0.0909 0.1152 0.1545 0.0149 0.0324 0.0803 0.1089 0.0888 0.0705 0.0724 0.0927 0.0287 0.0475 0.1087 0.1656 0.1376 0.1249 0.0874 0.075 0.1241
-1.000 -5.000 25 0.0971 0.0661 0.0535 0.0668 0.0956 0.0866 0.0791 0.0796 0.0795 0.0719 0.0472 0.0606 0.076 0.0749 0.083 0.0793 0.0797 0.0609 0.0326 0.0348 0.0451 0.0608 0.0734 0.075 0.0946 0.0264 0.0 0.0294 0.0581 0.1004 0.1065 0.1145 0.1449 0.0117 0.0104 0.0308 0.0769 0.1341 0.1467 0.1599 0.1945 0.0112 0.0209 0.0469 0.0656 0.0829 0.105 0.1262 0.1598 0.0232 0.0492 0.0947 0.1009 0.0793 0.0738 0.0866 0.1129 0.0419 0.0751 0.1424 0.1609 0.1117 0.1044 0.0799 0.0827 0.1122
-1.000 -3.000 15 0.0707 0.0558 0.058 0.0784 0.0695 0.0531 0.0588 0.0626 0.0613 0.0624 0.0459 0.0547 0.0459 0.0533 0.065 0.0608 0.0624 0.0747 0.0309 0.0175 0.0245 0.0449 0.0568 0.0583 0.0789 0.0591 0.0294 0.0 0.0355 0.076 0.0797 0.0875 0.1186 0.0301 0.028 0.0326 0.0675 0.1137 0.1145 0.1244 0.1578 0.0331 0.0496 0.0585 0.0686 0.0912 0.1064 0.1154 0.1411 0.0579 0.0907 0.1101 0.0929 0.0777 0.0837 0.0976 0.118 0.0879 0.1308 0.1691 0.1407 0.091 0.0975 0.0864 0.0967 0.092
-1.000 -1.000 5 0.0257 0.0741 0.0773 0.072 0.0498 0.049 0.05 0.0415 0.0335 0.0724 0.0652 0.0559 0.0363 0.0468 0.044 0.0325 0.034 0.083 0.0462 0.0279 0.019 0.0271 0.029 0.0277 0.0484 0.0871 0.0581 0.0355 0.0 0.0303 0.031 0.0399 0.0728 0.0669 0.0716 0.0687 0.0627 0.0627 0.0507 0.0637 0.0993 0.0861 0.1 0.0886 0.0771 0.0705 0.0581 0.0564 0.0838 0.1225 0.1428 0.1289 0.0885 0.0688 0.0592 0.0561 0.0664 0.1552 0.1844 0.1773 0.1161 0.0787 0.0773 0.0568 0.0591 0.0512
-1.000 1.000 5 0.0136 0.0942 0.0866 0.0707 0.0499 0.041 0.0237 0.0132 0.0122 0.0939 0.0838 0.0614 0.0416 0.0342 0.0173 0.0105 0.0195 0.102 0.0673 0.0423 0.0237 0.0106 0.0077 0.0106 0.0358 0.1301 0.1004 0.076 0.0303 0.0 0.0066 0.0206 0.0571 0.1238 0.1276 0.1104 0.0618 0.0197 0.0124 0.0371 0.0751 0.1474 0.143 0.1005 0.0554 0.0254 0.0134 0.0277 0.0672 0.1716 0.165 0.1148 0.0547 0.0232 0.0136 0.018 0.0472 0.1912 0.1921 0.1446 0.0654 0.0313 0.0272 0.0163 0.0302 0.0279
-1.000 3.000 15 0.0172 0.0989 0.0891 0.0667 0.0415 0.0207 0.0075 0.0073 0.0157 0.0982 0.0886 0.0648 0.0438 0.0225 0.0067 0.0098 0.026 0.0982 0.0666 0.0417 0.0251 0.0092 0.0041 0.0109 0.039 0.1378 0.1065 0.0797 0.031 0.0066 0.0 0.0153 0.0532 0.1399 0.1386 0.1107 0.0525 0.013 0.0148 0.0363 0.0671 0.1479 0.1275 0.072 0.0287 0.0125 0.0191 0.0454 0.0777 0.1528 0.1355 0.0752 0.0234 0.0114 0.0174 0.0395 0.0757 0.1632 0.1493 0.0969 0.0287 0.0295 0.0253 0.0346 0.0634 0.0232
-1.000 5.000 25 0.0304 0.1036 0.0873 0.0599 0.0309 0.015 0.015 0.0255 0.0327 0.1083 0.0982 0.0713 0.0452 0.0197 0.0134 0.027 0.0362 0.1011 0.0724 0.0484 0.0329 0.0157 0.011 0.0201 0.0363 0.1462 0.1145 0.0875 0.0399 0.0206 0.0153 0.0 0.0344 0.1542 0.1496 0.1179 0.062 0.0324 0.0347 0.0352 0.0467 0.147 0.1223 0.0698 0.0387 0.0351 0.0452 0.0626 0.0643 0.1482 0.1322 0.0757 0.0392 0.037 0.0479 0.0681 0.0799 0.1626 0.1488 0.102 0.0448 0.0622 0.0544 0.0694 0.0825 0.0376
-1.000 7.000 35 0.0667 0.1242 0.1032 0.0745 0.0492 0.0397 0.0364 0.0269 0.0118 0.1388 0.1274 0.0978 0.07 0.0466 0.041 0.0342 0.0135 0.1269 0.1005 0.0772 0.0624 0.0454 0.0422 0.0362 0.0118 0.1761 0.1449 0.1186 0.0728 0.0571 0.0532 0.0344 0.0 0.1888 0.1825 0.1501 0.0977 0.0736 0.0729 0.048 0.0159 0.1723 0.1486 0.101 0.0765 0.0741 0.0758 0.06 0.0287 0.1787 0.1644 0.1099 0.0737 0.0695 0.0689 0.0625 0.0446 0.1949 0.1794 0.1307 0.0799 0.0915 0.0678 0.0629 0.0496 0.0765
1.000 -7.000 35 0.1021 0.0889 0.0952 0.0945 0.1261 0.1162 0.1028 0.1015 0.101 0.0856 0.0823 0.0862 0.1008 0.0954 0.1034 0.1021 0.1092 0.0514 0.0544 0.0569 0.0618 0.082 0.1046 0.1165 0.1473 0.0093 0.0117 0.0301 0.0669 0.1238 0.1399 0.1542 0.1888 0.0 0.0034 0.0181 0.0527 0.0934 0.1033 0.1143 0.1506 0.0026 0.0113 0.0424 0.0693 0.0697 0.065 0.0657 0.0831 0.0113 0.0248 0.0716 0.1188 0.1129 0.0933 0.0823 0.0827 0.0257 0.04 0.0914 0.1582 0.1587 0.1643 0.1303 0.1076 0.0864
1.000 -5.000 25 0.1055 0.0931 0.0814 0.094 0.1118 0.09 0.0945 0.1042 0.1086 0.0915 0.0724 0.0804 0.081 0.0867 0.1095 0.1131 0.1234 0.0595 0.0524 0.0473 0.059 0.0929 0.1178 0.128 0.1568 0.0114 0.0104 0.028 0.0716 0.1276 0.1386 0.1496 0.1825 0.0034 0.0 0.0174 0.0522 0.0916 0.0991 0.1096 0.1457 0.0098 0.0173 0.0391 0.0577 0.0576 0.0556 0.0591 0.0792 0.0253 0.0457 0.0858 0.1073 0.0877 0.0678 0.0603 0.0654 0.0443 0.0709 0.1284 0.1643 0.1325 0.1281 0.0916 0.0738 0.086
1.000 -3.000 15 0.0897 0.0907 0.084 0.1071 0.098 0.0965 0.1157 0.1158 0.1108 0.1026 0.074 0.0826 0.0802 0.1059 0.1191 0.1124 0.1168 0.0901 0.0611 0.0504 0.0705 0.1046 0.1134 0.1129 0.1366 0.0307 0.0308 0.0326 0.0687 0.1104 0.1107 0.1179 0.1501 0.0181 0.0174 0.0 0.0329 0.0691 0.0733 0.0836 0.1197 0.0362 0.0392 0.0299 0.0318 0.0333 0.0352 0.0413 0.0634 0.0626 0.078 0.0856 0.0676 0.0435 0.0312 0.0307 0.0419 0.089 0.117 0.145 0.1215 0.0725 0.0674 0.0411 0.0345 0.0652
1.000 -1.000 5 0.0511 0.1145 0.1248 0.1305 0.1065 0.1047 0.0908 0.0669 0.0579 0.1208 0.1088 0.112 0.0957 0.0997 0.0783 0.0601 0.0633 0.1341 0.0928 0.0831 0.085 0.0767 0.0614 0.0565 0.0829 0.0789 0.0769 0.0675 0.0627 0.0618 0.0525 0.062 0.0977 0.0527 0.0522 0.0329 0.0 0.0302 0.031 0.0431 0.0805 0.0718 0.0664 0.0348 0.0145 0.0144 0.0156 0.0207 0.0429 0.0995 0.1038 0.0743 0.0343 0.0155 0.01 0.0129 0.0265 0.1268 0.1415 0.1225 0.0668 0.0312 0.0331 0.0163 0.016 0.0248
1.000 1.000 5 0.0292 0.1449 0.1361 0.109 0.0755 0.0564 0.0299 0.018 0.0241 0.1542 0.1351 0.1051 0.0693 0.0489 0.0238 0.0193 0.0391 0.1791 0.1324 0.1008 0.061 0.0281 0.0166 0.0238 0.0612 0.1413 0.1341 0.1137 0.0627 0.0197 0.013 0.0324 0.0736 0.0934 0.0916 0.0691 0.0302 0.0 0.0049 0.0239 0.064 0.0974 0.0841 0.0426 0.0137 0.0035 0.0024 0.0093 0.0348 0.1197 0.1124 0.0631 0.0195 0.0034 0.0023 0.0053 0.022 0.1437 0.137 0.0984 0.0328 0.0151 0.0173 0.0065 0.0129 0.0148
1.000 3.000 15 0.0226 0.1136 0.1009 0.0794 0.0551 0.0351 0.0211 0.0269 0.047 0.1277 0.1055 0.0731 0.05 0.034 0.021 0.0323 0.0621 0.1666 0.1131 0.0704 0.0361 0.0179 0.0198 0.0359 0.0762 0.1634 0.1467 0.1145 0.0507 0.0124 0.0148 0.0347 0.0729 0.1033 0.0991 0.0733 0.031 0.0049 0.0 0.0235 0.0616 0.097 0.08 0.036 0.009 0.0022 0.0032 0.0156 0.0432 0.1189 0.1059 0.0517 0.0095 0.0018 0.0029 0.0124 0.0352 0.1384 0.1253 0.0793 0.0166 0.0247 0.0122 0.0111 0.0254 0.0174
1.000 5.000 25 0.041 0.1217 0.113 0.0924 0.0634 0.0416 0.0391 0.0595 0.0726 0.1249 0.1112 0.0863 0.0702 0.0473 0.0383 0.0618 0.075 0.1581 0.1093 0.0737 0.0525 0.0393 0.0377 0.0552 0.0694 0.1824 0.1599 0.1244 0.0637 0.0371 0.0363 0.0352 0.048 0.1143 0.1096 0.0836 0.0431 0.0239 0.0235 0.0 0.0302 0.1037 0.0861 0.0428 0.0193 0.0156 0.0174 0.0215 0.0323 0.1262 0.1104 0.0552 0.0162 0.0118 0.0173 0.027 0.0417 0.1399 0.1237 0.0732 0.0265 0.0407 0.022 0.029 0.0413 0.0348
1.000 7.000 35 0.0809 0.1531 0.1389 0.1111 0.0802 0.0674 0.0703 0.061 0.0304 0.1558 0.145 0.1188 0.0956 0.0708 0.0688 0.0687 0.0323 0.1789 0.1359 0.1045 0.0856 0.0683 0.0652 0.0656 0.0298 0.2211 0.1945 0.1578 0.0993 0.0751 0.0671 0.0467 0.0159 0.1506 0.1457 0.1197 0.0805 0.064 0.0616 0.0302 0.0 0.1332 0.1145 0.0707 0.0477 0.0429 0.0405 0.0294 0.0139 0.1534 0.1345 0.0775 0.0392 0.0352 0.0355 0.0354 0.0302 0.1605 0.1423 0.0909 0.0552 0.0627 0.0371 0.0383 0.0344 0.0737
3.000 -7.000 35 0.1189 0.0886 0.0909 0.0922 0.1219 0.0987 0.1035 0.1233 0.1362 0.0832 0.0764 0.0817 0.0895 0.0959 0.1276 0.1414 0.1574 0.0466 0.0494 0.0512 0.0658 0.1146 0.1491 0.158 0.1811 0.0085 0.0112 0.0331 0.0861 0.1474 0.1479 0.147 0.1723 0.0026 0.0098 0.0362 0.0718 0.0974 0.097 0.1037 0.1332 0.0 0.0113 0.0506 0.0963 0.1069 0.1038 0.1022 0.1145 0.0095 0.0192 0.0602 0.1167 0.1301 0.1257 0.1232 0.1262 0.023 0.0337 0.0732 0.1406 0.1576 0.1784 0.1626 0.1496 0.0956
3.000 -5.000 25 0.1185 0.0999 0.0893 0.1093 0.1217 0.1134 0.1437 0.1562 0.1542 0.0948 0.0796 0.0936 0.0974 0.1302 0.1596 0.1543 0.155 0.0587 0.0589 0.0633 0.0924 0.1411 0.1544 0.1443 0.159 0.017 0.0209 0.0496 0.1 0.143 0.1275 0.1223 0.1486 0.0113 0.0173 0.0392 0.0664 0.0841 0.08 0.0861 0.1145 0.0113 0.0 0.0402 0.0801 0.0861 0.0809 0.0785 0.0908 0.0204 0.0246 0.0618 0.1056 0.109 0.1007 0.0963 0.0991 0.0348 0.0483 0.0935 0.1457 0.1426 0.154 0.1326 0.1177 0.0867
3.000 -3.000 15 0.0851 0.1181 0.1085 0.1349 0.1303 0.1406 0.1496 0.1253 0.1048 0.1223 0.0987 0.1096 0.1158 0.1447 0.1356 0.1053 0.0993 0.0897 0.0828 0.0787 0.1073 0.127 0.1058 0.0857 0.1036 0.0402 0.0469 0.0585 0.0886 0.1005 0.072 0.0698 0.101 0.0424 0.0391 0.0299 0.0348 0.0426 0.036 0.0428 0.0707 0.0506 0.0402 0.0 0.0317 0.0349 0.0299 0.0286 0.0421 0.0617 0.0605 0.0539 0.0585 0.051 0.0425 0.0393 0.0442 0.0786 0.0934 0.1098 0.1073 0.0795 0.0862 0.0638 0.0518 0.0482
3.000 -1.000 15 0.0541 0.1268 0.1362 0.1569 0.1406 0.1278 0.0926 0.0567 0.0466 0.1376 0.1167 0.132 0.1276 0.1156 0.0725 0.0458 0.0556 0.1231 0.0987 0.0966 0.1131 0.0843 0.0491 0.0402 0.0739 0.0626 0.0656 0.0686 0.0771 0.0554 0.0287 0.0387 0.0765 0.0693 0.0577 0.0318 0.0145 0.0137 0.009 0.0193 0.0477 0.0963 0.0801 0.0317 0.0 0.0059 0.0041 0.0052 0.0208 0.1103 0.1007 0.0581 0.0229 0.0109 0.0079 0.0086 0.0172 0.1287 0.1286 0.1024 0.0559 0.0305 0.0386 0.0205 0.0153 0.0237
3.000 1.000 15 0.0349 0.1576 0.1681 0.146 0.0986 0.0676 0.031 0.0219 0.0393 0.1544 0.1519 0.1381 0.0932 0.0587 0.0249 0.0263 0.0596 0.15 0.1225 0.1188 0.086 0.0374 0.0183 0.0326 0.0781 0.0732 0.0829 0.0912 0.0705 0.0254 0.0125 0.0351 0.0741 0.0697 0.0576 0.0333 0.0144 0.0035 0.0022 0.0156 0.0429 0.1069 0.0861 0.0349 0.0059 0.0 0.0002 0.0029 0.0201 0.1242 0.1083 0.0554 0.0119 0.0012 0.0017 0.0041 0.0151 0.1374 0.1264 0.0858 0.024 0.0181 0.0206 0.0088 0.0094 0.0143
3.000 3.000 15 0.0244 0.1526 0.1315 0.0947 0.0612 0.0407 0.0304 0.044 0.077 0.1648 0.1423 0.0962 0.056 0.0369 0.0297 0.0506 0.0913 0.1754 0.14 0.1032 0.0511 0.0195 0.0275 0.0533 0.0965 0.0909 0.105 0.1064 0.0581 0.0134 0.0191 0.0452 0.0758 0.065 0.0556 0.0352 0.0156 0.0024 0.0032 0.0174 0.0405 0.1038 0.0809 0.0299 0.0041 0.0002 0.0 0.0043 0.0227 0.1231 0.104 0.0484 0.007 0.0011 0.0015 0.0051 0.0183 0.1318 0.1169 0.0696 0.0183 0.0325 0.0119 0.0059 0.0124 0.0101
3.000 5.000 25 0.0296 0.1301 0.114 0.0972 0.0811 0.0659 0.0642 0.0946 0.1054 0.1496 0.1201 0.0852 0.0718 0.0648 0.0623 0.0959 0.1034 0.1852 0.1344 0.0866 0.0503 0.0447 0.0585 0.0871 0.0907 0.1152 0.1262 0.1154 0.0564 0.0277 0.0454 0.0626 0.06 0.0657 0.0591 0.0413 0.0207 0.0093 0.0156 0.0215 0.0294 0.1022 0.0785 0.0286 0.0052 0.0029 0.0043 0.0 0.0172 0.1229 0.1022 0.0461 0.0079 0.0057 0.0059 0.009 0.0194 0.1294 0.1138 0.0676 0.0368 0.0375 0.0094 0.012 0.018 0.0157
3.000 7.000 35 0.0591 0.1572 0.1529 0.1353 0.1065 0.086 0.0912 0.0896 0.0454 0.1614 0.1447 0.1246 0.1129 0.0912 0.0862 0.0955 0.0469 0.2017 0.148 0.1077 0.0888 0.0831 0.0825 0.0882 0.0435 0.1545 0.1598 0.1411 0.0838 0.0672 0.0777 0.0643 0.0287 0.0831 0.0792 0.0634 0.0429 0.0348 0.0432 0.0323 0.0139 0.1145 0.0908 0.0421 0.0208 0.0201 0.0227 0.0172 0.0 0.1351 0.1138 0.0581 0.0226 0.0225 0.0214 0.0197 0.0144 0.142 0.128 0.0873 0.0671 0.0449 0.0211 0.0203 0.0167 0.0421
5.000 -7.000 35 0.1444 0.0929 0.0947 0.1036 0.1328 0.1205 0.1589 0.1844 0.1857 0.0866 0.0812 0.0929 0.1055 0.1421 0.1855 0.186 0.1842 0.0497 0.0569 0.0664 0.1038 0.167 0.1833 0.1697 0.1827 0.0149 0.0232 0.0579 0.1225 0.1716 0.1528 0.1482 0.1787 0.0113 0.0253 0.0626 0.0995 0.1197 0.1189 0.1262 0.1534 0.0095 0.0204 0.0617 0.1103 0.1242 0.1231 0.1229 0.1351 0.0 0.016 0.0538 0.1146 0.1347 0.135 0.1383 0.143 0.0108 0.0211 0.055 0.1209 0.1526 0.1832 0.1776 0.1718 0.1178
5.000 -5.000 25 0.1475 0.1185 0.1155 0.1452 0.162 0.1749 0.2072 0.1954 0.172 0.1109 0.1056 0.1289 0.1458 0.1934 0.2025 0.1723 0.162 0.0725 0.0849 0.102 0.1473 0.1905 0.1736 0.148 0.1653 0.0324 0.0492 0.0907 0.1428 0.165 0.1355 0.1322 0.1644 0.0248 0.0457 0.078 0.1038 0.1124 0.1059 0.1104 0.1345 0.0192 0.0246 0.0605 0.1007 0.1083 0.104 0.1022 0.1138 0.016 0.0 0.043 0.1002 0.1149 0.1132 0.1153 0.1196 0.021 0.023 0.0551 0.1146 0.1364 0.1609 0.1522 0.145 0.1169
5.000 -3.000 25 0.1119 0.1647 0.1569 0.1835 0.18 0.1886 0.1711 0.1229 0.0959 0.163 0.1475 0.1584 0.1665 0.1833 0.1432 0.0992 0.098 0.1247 0.1305 0.1295 0.1564 0.1528 0.1063 0.0831 0.1125 0.0803 0.0947 0.1101 0.1289 0.1148 0.0752 0.0757 0.1099 0.0716 0.0858 0.0856 0.0743 0.0631 0.0517 0.0552 0.0775 0.0602 0.0618 0.0539 0.0581 0.0554 0.0484 0.0461 0.0581 0.0538 0.043 0.0 0.047 0.0549 0.053 0.0554 0.0602 0.0577 0.0553 0.055 0.076 0.0806 0.0994 0.0888 0.0814 0.0768
5.000 -1.000 25 0.0595 0.1598 0.1534 0.1753 0.1569 0.1329 0.079 0.0406 0.0425 0.1732 0.1399 0.1495 0.143 0.1171 0.0587 0.0359 0.0606 0.1483 0.1282 0.1162 0.1274 0.0838 0.0387 0.0372 0.0815 0.1089 0.1009 0.0929 0.0885 0.0547 0.0234 0.0392 0.0737 0.1188 0.1073 0.0676 0.0343 0.0195 0.0095 0.0162 0.0392 0.1167 0.1056 0.0585 0.0229 0.0119 0.007 0.0079 0.0226 0.1146 0.1002 0.047 0.0 0.0082 0.0124 0.0175 0.0245 0.1133 0.1047 0.0752 0.0333 0.0282 0.0478 0.0391 0.0344 0.0334
5.000 1.000 25 0.033 0.1406 0.1611 0.1591 0.1083 0.0672 0.0268 0.0244 0.054 0.1474 0.1351 0.1424 0.1023 0.0575 0.0218 0.0317 0.0756 0.1363 0.1107 0.1113 0.0934 0.0363 0.017 0.0388 0.089 0.0888 0.0793 0.0777 0.0688 0.0232 0.0114 0.037 0.0695 0.1129 0.0877 0.0435 0.0155 0.0034 0.0018 0.0118 0.0352 0.1301 0.109 0.051 0.0109 0.0012 0.0011 0.0057 0.0225 0.1347 0.1149 0.0549 0.0082 0.0 0.009 0.0134 0.0206 0.1319 0.118 0.0743 0.022 0.0276 0.0313 0.0219 0.0197 0.0134
5.000 3.000 25 0.0251 0.1603 0.1574 0.1157 0.0666 0.0403 0.0305 0.0517 0.0932 0.1505 0.1493 0.1191 0.0641 0.0358 0.0295 0.0586 0.1034 0.139 0.1191 0.1139 0.0639 0.0192 0.0268 0.0601 0.0995 0.0705 0.0738 0.0837 0.0592 0.0136 0.0174 0.0479 0.0689 0.0933 0.0678 0.0312 0.01 0.0023 0.0029 0.0173 0.0355 0.1257 0.1007 0.0425 0.0079 0.0017 0.0015 0.0059 0.0214 0.135 0.1132 0.053 0.0124 0.009 0.0 0.0036 0.0124 0.1406 0.1275 0.0865 0.0535 0.0404 0.008 0.0032 0.0054 0.0085
5.000 5.000 25 0.0225 0.154 0.1265 0.0895 0.0692 0.0616 0.0666 0.1052 0.1141 0.1649 0.1407 0.0902 0.0582 0.055 0.0631 0.1055 0.1091 0.16 0.1347 0.1024 0.048 0.0316 0.0565 0.0949 0.0936 0.0724 0.0866 0.0976 0.0561 0.018 0.0395 0.0681 0.0625 0.0823 0.0603 0.0307 0.0129 0.0053 0.0124 0.027 0.0354 0.1232 0.0963 0.0393 0.0086 0.0041 0.0051 0.009 0.0197 0.1383 0.1153 0.0554 0.0175 0.0134 0.0036 0.0 0.0089 0.1533 0.1412 0.1016 0.068 0.0281 0.0029 0.0027 0.0048 0.0116
5.000 7.000 35 0.0408 0.147 0.1329 0.1236 0.113 0.0992 0.1054 0.1143 0.0624 0.1694 0.1374 0.1037 0.1 0.0988 0.099 0.1177 0.0637 0.1877 0.1484 0.103 0.0689 0.0757 0.0929 0.1072 0.0598 0.0927 0.1129 0.118 0.0664 0.0472 0.0757 0.0799 0.0446 0.0827 0.0654 0.0419 0.0265 0.022 0.0352 0.0417 0.0302 0.1262 0.0991 0.0442 0.0172 0.0151 0.0183 0.0194 0.0144 0.143 0.1196 0.0602 0.0245 0.0206 0.0124 0.0089 0.0 0.1635 0.1509 0.1095 0.0711 0.0244 0.007 0.0049 0.0026 0.0273
7.000 -7.000 35 0.1693 0.1052 0.108 0.126 0.1584 0.1669 0.2188 0.2213 0.2022 0.0984 0.0956 0.1154 0.1395 0.1963 0.2266 0.2011 0.1902 0.0615 0.0732 0.0926 0.1476 0.2073 0.1999 0.1766 0.1963 0.0287 0.0419 0.0879 0.1552 0.1912 0.1632 0.1626 0.1949 0.0257 0.0443 0.089 0.1268 0.1437 0.1384 0.1399 0.1605 0.023 0.0348 0.0786 0.1287 0.1374 0.1318 0.1294 0.142 0.0108 0.021 0.0577 0.1133 0.1319 0.1406 0.1533 0.1635 0.0 0.0087 0.0314 0.0866 0.1184 0.1533 0.15 0.1472 0.1428
7.000 -5.000 35 0.1802 0.1352 0.141 0.1821 0.2073 0.2342 0.25 0.2101 0.1761 0.126 0.1307 0.1658 0.196 0.2454 0.2272 0.1802 0.1718 0.0863 0.1099 0.1413 0.1982 0.2277 0.1872 0.1577 0.1849 0.0475 0.0751 0.1308 0.1844 0.1921 0.1493 0.1488 0.1794 0.04 0.0709 0.117 0.1415 0.137 0.1253 0.1237 0.1423 0.0337 0.0483 0.0934 0.1286 0.1264 0.1169 0.1138 0.128 0.0211 0.023 0.0553 0.1047 0.118 0.1275 0.1412 0.1509 0.0087 0.0 0.0261 0.082 0.1108 0.1432 0.1383 0.1347 0.1486
7.000 -3.000 35 0.1504 0.2089 0.2109 0.2416 0.2367 0.2363 0.1916 0.1313 0.1121 0.2009 0.2002 0.2166 0.2228 0.223 0.1587 0.1138 0.1239 0.1565 0.1807 0.1887 0.2104 0.1854 0.1239 0.1066 0.1435 0.1087 0.1424 0.1691 0.1773 0.1446 0.0969 0.102 0.1307 0.0914 0.1284 0.145 0.1225 0.0984 0.0793 0.0732 0.0909 0.0732 0.0935 0.1098 0.1024 0.0858 0.0696 0.0676 0.0873 0.055 0.0551 0.055 0.0752 0.0743 0.0865 0.1016 0.1095 0.0314 0.0261 0.0 0.0494 0.0722 0.1015 0.0949 0.0908 0.1174
7.000 -1.000 35 0.0779 0.2223 0.2007 0.2131 0.186 0.1461 0.0766 0.0408 0.0552 0.233 0.1932 0.1886 0.1716 0.128 0.0581 0.0412 0.0774 0.203 0.1855 0.1593 0.1559 0.094 0.0415 0.0458 0.0948 0.1656 0.1609 0.1407 0.1161 0.0654 0.0287 0.0448 0.0799 0.1582 0.1643 0.1215 0.0668 0.0328 0.0166 0.0265 0.0552 0.1406 0.1457 0.1073 0.0559 0.024 0.0183 0.0368 0.0671 0.1209 0.1146 0.076 0.0333 0.022 0.0535 0.068 0.0711 0.0866 0.082 0.0494 0.0 0.0305 0.0602 0.0539 0.051 0.0538
7.000 1.000 35 0.0411 0.1577 0.1613 0.1714 0.1223 0.0731 0.0362 0.0435 0.0858 0.1772 0.141 0.1499 0.116 0.0635 0.0338 0.0543 0.1076 0.1653 0.1296 0.1175 0.1065 0.0433 0.0321 0.0638 0.1158 0.1376 0.1117 0.091 0.0787 0.0313 0.0295 0.0622 0.0915 0.1587 0.1325 0.0725 0.0312 0.0151 0.0247 0.0407 0.0627 0.1576 0.1426 0.0795 0.0305 0.0181 0.0325 0.0375 0.0449 0.1526 0.1364 0.0806 0.0282 0.0276 0.0404 0.0281 0.0244 0.1184 0.1108 0.0722 0.0305 0.0 0.0156 0.0089 0.0071 0.0254
7.000 3.000 35 0.0413 0.1648 0.1807 0.1504 0.0875 0.0514 0.0385 0.0635 0.1079 0.1676 0.1577 0.1487 0.0876 0.0471 0.0374 0.07 0.113 0.1598 0.1303 0.1304 0.0892 0.0318 0.0347 0.0697 0.1021 0.1249 0.1044 0.0975 0.0773 0.0272 0.0253 0.0544 0.0678 0.1643 0.1281 0.0674 0.0331 0.0173 0.0122 0.022 0.0371 0.1784 0.154 0.0862 0.0386 0.0206 0.0119 0.0094 0.0211 0.1832 0.1609 0.0994 0.0478 0.0313 0.008 0.0029 0.007 0.1533 0.1432 0.1015 0.0602 0.0156 0.0 0.0004 0.0013 0.0262
7.000 5.000 35 0.0243 0.1636 0.1515 0.1004 0.0643 0.0548 0.0641 0.1095 0.1157 0.1546 0.1521 0.1092 0.0578 0.0468 0.0597 0.109 0.109 0.1403 0.1221 0.1131 0.0567 0.0255 0.052 0.0973 0.0927 0.0874 0.0799 0.0864 0.0568 0.0163 0.0346 0.0694 0.0629 0.1303 0.0916 0.0411 0.0163 0.0065 0.0111 0.029 0.0383 0.1626 0.1326 0.0638 0.0205 0.0088 0.0059 0.012 0.0203 0.1776 0.1522 0.0888 0.0391 0.0219 0.0032 0.0027 0.0049 0.15 0.1383 0.0949 0.0539 0.0089 0.0004 0.0 0.0007 0.0129
7.000 7.000 35 0.03 0.1599 0.1294 0.1009 0.0938 0.0938 0.105 0.125 0.0695 0.1671 0.1461 0.094 0.0751 0.085 0.0971 0.1258 0.0703 0.153 0.1359 0.1069 0.0558 0.0545 0.0873 0.1126 0.0655 0.075 0.0827 0.0967 0.0591 0.0302 0.0634 0.0825 0.0496 0.1076 0.0738 0.0345 0.016 0.0129 0.0254 0.0413 0.0344 0.1496 0.1177 0.0518 0.0153 0.0094 0.0124 0.018 0.0167 0.1718 0.145 0.0814 0.0344 0.0197 0.0054 0.0048 0.0026 0.1472 0.1347 0.0908 0.051 0.0071 0.0013 0.0007 0.0 0.0162
0.500 0.000 0 0.0235 0.1239 0.1233 0.1091 0.0791 0.069 0.0491 0.0296 0.0267 0.1281 0.116 0.0998 0.0706 0.0614 0.0392 0.0251 0.0361 0.1501 0.1066 0.0834 0.0603 0.0384 0.0271 0.0284 0.0565 0.1241 0.1122 0.092 0.0512 0.0279 0.0232 0.0376 0.0765 0.0864 0.086 0.0652 0.0248 0.0148 0.0174 0.0348 0.0737 0.0956 0.0867 0.0482 0.0237 0.0143 0.0101 0.0157 0.0421 0.1178 0.1169 0.0768 0.0334 0.0134 0.0085 0.0116 0.0273 0.1428 0.1486 0.1174 0.0538 0.0254 0.0262 0.0129 0.0162 0.0