n 66
m 4
tmax 30.0
-0.500 0.000 0 0.0 0.1621 0.1289 0.0551 0.0311 0.0326 0.0409 0.0483 0.0503 0.1518 0.1127 0.0527 0.0311 0.0351 0.0467 0.052 0.0504 0.0936 0.0631 0.0297 0.0229 0.0264 0.0408 0.053 0.0572 0.0726 0.0448 0.022 0.0088 0.0088 0.0239 0.059 0.0809 0.0863 0.0509 0.0225 0.0094 0.0084 0.0144 0.0364 0.0773 0.0915 0.0557 0.0238 0.0143 0.0153 0.0218 0.036 0.0714 0.0664 0.0452 0.0298 0.0257 0.0308 0.0453 0.0633 0.0724 0.0498 0.0525 0.0612 0.0422 0.0493 0.0456 0.0572 0.0725 0.0057
-7.000 -7.000 35 0.1621 0.0 0.0038 0.0186 0.0308 0.0296 0.0285 0.0278 0.0273 0.0235 0.0303 0.0662 0.0737 0.0624 0.0557 0.0525 0.0487 0.0834 0.0917 0.1247 0.1297 0.1086 0.0998 0.0931 0.0814 0.1044 0.1261 0.1527 0.1544 0.1576 0.155 0.1575 0.1333 0.1042 0.1465 0.1708 0.1681 0.1713 0.1744 0.1941 0.226 0.107 0.1727 0.1989 0.1809 0.1735 0.1792 0.1921 0.2296 0.1097 0.1764 0.2137 0.1985 0.1881 0.1966 0.2185 0.2271 0.1085 0.1689 0.2309 0.2334 0.2049 0.2038 0.2032 0.2278 0.1655
-7.000 -5.000 35 0.1289 0.0038 0.0 0.0163 0.0249 0.0223 0.0206 0.0197 0.0191 0.0312 0.0308 0.0538 0.0506 0.0396 0.0348 0.0331 0.0305 0.0922 0.0926 0.1146 0.0961 0.0696 0.0636 0.0598 0.0509 0.1153 0.1362 0.1477 0.1322 0.1129 0.1072 0.1084 0.0863 0.1201 0.1683 0.1665 0.1534 0.1433 0.1308 0.1495 0.1727 0.1339 0.2074 0.1938 0.1665 0.1553 0.1465 0.1505 0.1909 0.1494 0.2231 0.2116 0.1809 0.1723 0.1757 0.182 0.1881 0.1593 0.2257 0.2386 0.2102 0.1895 0.1821 0.1849 0.1906 0.143
-7.000 -3.000 35 0.0551 0.0186 0.0163 0.0 0.005 0.0033 0.0025 0.0022 0.0021 0.0709 0.0569 0.027 0.0127 0.0074 0.0065 0.0073 0.0064 0.1369 0.1117 0.0788 0.0328 0.0184 0.0213 0.0224 0.0171 0.1519 0.1541 0.1083 0.0584 0.0453 0.0507 0.0544 0.0378 0.1615 0.1838 0.1209 0.0797 0.0651 0.0634 0.0967 0.1099 0.1941 0.2114 0.1412 0.0929 0.0755 0.0702 0.0895 0.1471 0.2235 0.2159 0.152 0.1063 0.093 0.0991 0.1062 0.1337 0.2331 0.2125 0.1768 0.1297 0.1124 0.1024 0.11 0.1199 0.0662
-7.000 -1.000 35 0.0311 0.0308 0.0249 0.005 0.0 0.0002 0.0002 0.0003 0.0004 0.0953 0.0614 0.0136 0.0019 0.001 0.0019 0.0032 0.0029 0.1429 0.1039 0.0407 0.0096 0.0079 0.0129 0.0145 0.0102 0.1504 0.1217 0.0476 0.0255 0.0289 0.0384 0.0388 0.0244 0.1597 0.1178 0.0542 0.0421 0.0438 0.0528 0.0884 0.081 0.1787 0.1232 0.0689 0.0502 0.0506 0.0554 0.0905 0.1407 0.1745 0.1195 0.0755 0.0595 0.0654 0.0813 0.0982 0.1437 0.1521 0.1152 0.1006 0.0773 0.0833 0.0825 0.0978 0.1237 0.0398
-7.000 1.000 35 0.0326 0.0296 0.0223 0.0033 0.0002 0.0 0.0001 0.0002 0.0003 0.0968 0.0556 0.0096 0.0011 0.0005 0.0013 0.0023 0.002 0.1385 0.0936 0.0254 0.0071 0.0069 0.011 0.0106 0.0066 0.1387 0.0838 0.0297 0.0245 0.0299 0.0353 0.0272 0.0163 0.1225 0.0714 0.0425 0.0424 0.0467 0.0567 0.0773 0.057 0.1272 0.0873 0.0586 0.0508 0.0527 0.0619 0.0998 0.1197 0.1174 0.0913 0.0649 0.0622 0.069 0.0874 0.1141 0.1485 0.1037 0.0917 0.0929 0.0788 0.0877 0.0888 0.1133 0.1461 0.042
-7.000 3.000 35 0.0409 0.0285 0.0206 0.0025 0.0002 0.0001 0.0 0.0001 0.0002 0.0962 0.0525 0.0085 0.0014 0.0011 0.001 0.0013 0.0011 0.1382 0.0865 0.0214 0.0094 0.0106 0.0095 0.0065 0.0034 0.1185 0.0646 0.0309 0.0327 0.0354 0.0306 0.0168 0.0093 0.1007 0.0642 0.0517 0.053 0.0507 0.0608 0.0575 0.0412 0.1147 0.0914 0.0676 0.0603 0.0576 0.0721 0.0893 0.0947 0.1155 0.0937 0.0732 0.072 0.0756 0.1031 0.1151 0.125 0.1041 0.0963 0.1033 0.088 0.0956 0.1076 0.1223 0.1333 0.0495
-7.000 5.000 35 0.0483 0.0278 0.0197 0.0022 0.0003 0.0002 0.0001 0.0 0.0001 0.0958 0.0512 0.0084 0.0024 0.0023 0.0015 0.0006 0.0003 0.1377 0.0822 0.0224 0.0148 0.0147 0.0092 0.0035 0.0012 0.106 0.0611 0.0405 0.0437 0.0397 0.0261 0.008 0.0057 0.1003 0.075 0.0664 0.0619 0.0525 0.0558 0.0385 0.0342 0.1275 0.105 0.0761 0.0638 0.0597 0.0716 0.0694 0.0839 0.1262 0.0999 0.0782 0.0752 0.082 0.1037 0.0969 0.1118 0.1074 0.1036 0.1075 0.0924 0.1044 0.1084 0.1064 0.1217 0.0552
-7.000 7.000 35 0.0503 0.0273 0.0191 0.0021 0.0004 0.0003 0.0002 0.0001 0.0 0.0957 0.0506 0.0088 0.0034 0.0034 0.002 0.0005 0.0001 0.1372 0.0804 0.0255 0.0203 0.0179 0.0079 0.0018 0.0003 0.1022 0.0653 0.0512 0.0512 0.0395 0.02 0.0047 0.0038 0.1101 0.0883 0.0748 0.0612 0.0509 0.0503 0.0316 0.0297 0.1412 0.1104 0.0735 0.0602 0.0603 0.0649 0.0647 0.0777 0.1261 0.0936 0.075 0.0769 0.0868 0.0946 0.0994 0.1015 0.0996 0.1021 0.1075 0.0988 0.1076 0.097 0.1147 0.1104 0.0534
-5.000 -7.000 35 0.1518 0.0235 0.0312 0.0709 0.0953 0.0968 0.0962 0.0958 0.0957 0.0 0.0479 0.0995 0.1252 0.1205 0.1179 0.1186 0.1175 0.0461 0.0759 0.1278 0.1537 0.1556 0.1616 0.1635 0.1567 0.0585 0.0871 0.1293 0.1448 0.1639 0.1836 0.2104 0.2073 0.0555 0.0986 0.1335 0.1425 0.1528 0.1677 0.1981 0.25 0.0578 0.1203 0.1538 0.1483 0.1485 0.1593 0.1776 0.2209 0.0601 0.121 0.1622 0.1608 0.1599 0.1691 0.199 0.2098 0.0587 0.1122 0.1736 0.1916 0.1727 0.1778 0.1708 0.2039 0.1482
-5.000 -5.000 25 0.1127 0.0303 0.0308 0.0569 0.0614 0.0556 0.0525 0.0512 0.0506 0.0479 0.0 0.053 0.0723 0.0662 0.0638 0.065 0.0642 0.0729 0.0552 0.0855 0.0975 0.094 0.0984 0.1001 0.0939 0.0806 0.0917 0.1042 0.107 0.1157 0.1279 0.1478 0.1385 0.0823 0.1219 0.1208 0.1142 0.1192 0.1278 0.1551 0.2011 0.0981 0.16 0.1478 0.1236 0.1193 0.1267 0.1435 0.1864 0.1152 0.1744 0.1652 0.1377 0.1316 0.143 0.1666 0.1774 0.1251 0.1763 0.1914 0.1683 0.1461 0.1471 0.1506 0.1755 0.1151
-5.000 -3.000 25 0.0527 0.0662 0.0538 0.027 0.0136 0.0096 0.0085 0.0084 0.0088 0.0995 0.053 0.0 0.015 0.0126 0.0135 0.0168 0.0175 0.1205 0.0861 0.051 0.0318 0.0285 0.0361 0.0401 0.0362 0.1234 0.1141 0.0724 0.0503 0.0499 0.0615 0.0791 0.0681 0.1318 0.1354 0.083 0.0652 0.0629 0.0675 0.098 0.1377 0.1639 0.1579 0.1027 0.0745 0.0685 0.0697 0.0876 0.1377 0.1834 0.1608 0.1131 0.0854 0.0822 0.094 0.1086 0.1254 0.1818 0.158 0.1382 0.1075 0.0982 0.0948 0.1066 0.119 0.0608
-5.000 -1.000 25 0.0311 0.0737 0.0506 0.0127 0.0019 0.0011 0.0014 0.0024 0.0034 0.1252 0.0723 0.015 0.0 0.0023 0.0055 0.0098 0.0109 0.1483 0.098 0.0306 0.0085 0.0103 0.0203 0.0253 0.0227 0.1313 0.0883 0.0344 0.0244 0.0304 0.0442 0.0567 0.0446 0.1221 0.0824 0.0448 0.0402 0.0433 0.0522 0.0912 0.1134 0.1379 0.0964 0.0607 0.0476 0.0495 0.0546 0.0822 0.1417 0.131 0.0987 0.0678 0.0566 0.0636 0.0801 0.0938 0.1279 0.1152 0.0983 0.094 0.0742 0.0808 0.0805 0.0947 0.1106 0.0392
-5.000 1.000 25 0.0351 0.0624 0.0396 0.0074 0.001 0.0005 0.0011 0.0023 0.0034 0.1205 0.0662 0.0126 0.0023 0.0 0.0037 0.0077 0.0085 0.1445 0.0879 0.0246 0.0096 0.0085 0.0145 0.0177 0.0154 0.1077 0.0641 0.0312 0.0286 0.0321 0.039 0.0401 0.0287 0.1006 0.0657 0.0477 0.0454 0.0474 0.0556 0.0882 0.0832 0.116 0.0894 0.0616 0.0525 0.0526 0.0594 0.0976 0.1398 0.1129 0.0913 0.0667 0.0635 0.0685 0.0848 0.1075 0.1514 0.101 0.0917 0.0954 0.0794 0.0871 0.0861 0.1056 0.1376 0.0442
-5.000 3.000 25 0.0467 0.0557 0.0348 0.0065 0.0019 0.0013 0.001 0.0015 0.002 0.1179 0.0638 0.0135 0.0055 0.0037 0.0 0.0033 0.0037 0.1424 0.0855 0.029 0.0189 0.0149 0.0098 0.0084 0.0065 0.102 0.0657 0.0448 0.0438 0.0381 0.0318 0.021 0.0135 0.1061 0.0784 0.0652 0.0585 0.0506 0.0609 0.0648 0.0507 0.1298 0.104 0.0735 0.0614 0.057 0.0712 0.0936 0.1066 0.1236 0.097 0.0755 0.0722 0.0754 0.1019 0.1165 0.1345 0.1054 0.0996 0.1049 0.0874 0.0954 0.1055 0.1212 0.1388 0.0524
-5.000 5.000 25 0.052 0.0525 0.0331 0.0073 0.0032 0.0023 0.0013 0.0006 0.0005 0.1186 0.065 0.0168 0.0098 0.0077 0.0033 0.0 0.0006 0.1445 0.0889 0.0375 0.029 0.0219 0.0093 0.0029 0.0014 0.1082 0.0769 0.0605 0.0552 0.0419 0.0255 0.0077 0.0067 0.1223 0.0956 0.0774 0.0617 0.0519 0.0551 0.0401 0.0372 0.1453 0.1108 0.0742 0.0616 0.0603 0.0712 0.0708 0.087 0.1251 0.0931 0.0754 0.0758 0.0844 0.1027 0.098 0.1139 0.0986 0.1023 0.1068 0.0952 0.1068 0.1062 0.1068 0.1225 0.0555
-5.000 7.000 35 0.0504 0.0487 0.0305 0.0064 0.0029 0.002 0.0011 0.0003 0.0001 0.1175 0.0642 0.0175 0.0109 0.0085 0.0037 0.0006 0.0 0.1448 0.0903 0.0419 0.0335 0.0235 0.0082 0.0014 0.0003 0.1129 0.0833 0.0669 0.0569 0.0399 0.0198 0.005 0.0048 0.1305 0.1002 0.0761 0.0595 0.0509 0.0508 0.0342 0.0328 0.1446 0.1032 0.0681 0.0615 0.0638 0.065 0.0695 0.0814 0.1108 0.0857 0.0767 0.0831 0.0902 0.0956 0.106 0.1044 0.0903 0.108 0.114 0.1053 0.1085 0.099 0.1211 0.1125 0.0527
-3.000 -7.000 35 0.0936 0.0834 0.0922 0.1369 0.1429 0.1385 0.1382 0.1377 0.1372 0.0461 0.0729 0.1205 0.1483 0.1445 0.1424 0.1445 0.1448 0.0 0.0371 0.0918 0.118 0.1249 0.1398 0.1514 0.1511 0.0143 0.0315 0.0706 0.087 0.1061 0.1276 0.163 0.1777 0.0148 0.045 0.0773 0.0871 0.0942 0.1044 0.1285 0.1748 0.02 0.0682 0.0996 0.097 0.0968 0.1051 0.1159 0.1485 0.024 0.0697 0.1069 0.1127 0.1118 0.1164 0.1471 0.16 0.0237 0.0625 0.1159 0.1431 0.1264 0.1345 0.1183 0.1402 0.0909
-3.000 -5.000 25 0.0631 0.0917 0.0926 0.1117 0.1039 0.0936 0.0865 0.0822 0.0804 0.0759 0.0552 0.0861 0.098 0.0879 0.0855 0.0889 0.0903 0.0371 0.0 0.052 0.0709 0.0762 0.0911 0.1026 0.1021 0.0304 0.0349 0.0497 0.0575 0.0735 0.0931 0.1268 0.1378 0.0369 0.0684 0.0676 0.0633 0.0676 0.077 0.1021 0.1499 0.0597 0.108 0.0964 0.076 0.0719 0.0761 0.0891 0.1254 0.0795 0.1222 0.1144 0.0928 0.0857 0.0922 0.1207 0.1277 0.0891 0.1242 0.14 0.126 0.1016 0.1051 0.0957 0.1241 0.0647
-3.000 -3.000 15 0.0297 0.1247 0.1146 0.0788 0.0407 0.0254 0.0214 0.0224 0.0255 0.1278 0.0855 0.051 0.0306 0.0246 0.029 0.0375 0.0419 0.0918 0.052 0.0 0.0175 0.0275 0.0457 0.0586 0.0591 0.07 0.0512 0.0204 0.0217 0.037 0.0567 0.0893 0.0969 0.0816 0.0688 0.0354 0.0321 0.0387 0.0489 0.0771 0.127 0.1107 0.0926 0.0578 0.0404 0.0413 0.0503 0.0659 0.1068 0.1196 0.0984 0.0696 0.0516 0.054 0.0682 0.0917 0.1018 0.1125 0.0992 0.0963 0.0746 0.0682 0.0704 0.0781 0.1015 0.0334
-3.000 -1.000 15 0.0229 0.1297 0.0961 0.0328 0.0096 0.0071 0.0094 0.0148 0.0203 0.1537 0.0975 0.0318 0.0085 0.0096 0.0189 0.029 0.0335 0.118 0.0709 0.0175 0.0 0.0138 0.0334 0.0457 0.0457 0.0807 0.0504 0.0199 0.0155 0.0257 0.0449 0.0748 0.0776 0.086 0.0551 0.0334 0.0297 0.0337 0.0428 0.0764 0.1246 0.1039 0.0775 0.0479 0.036 0.0389 0.0448 0.065 0.1128 0.1021 0.0801 0.0544 0.045 0.0524 0.0689 0.0837 0.103 0.0905 0.0806 0.0816 0.0626 0.069 0.0683 0.0825 0.0953 0.0294
-3.000 1.000 15 0.0264 0.1086 0.0696 0.0184 0.0079 0.0069 0.0106 0.0147 0.0179 0.1556 0.094 0.0285 0.0103 0.0085 0.0149 0.0219 0.0235 0.1249 0.0762 0.0275 0.0138 0.0 0.0185 0.0285 0.0275 0.0879 0.0581 0.0345 0.0262 0.0212 0.0328 0.0539 0.0509 0.0963 0.0667 0.0464 0.0367 0.0327 0.0393 0.0789 0.1095 0.116 0.0855 0.0522 0.0405 0.037 0.0425 0.0722 0.1291 0.1045 0.0776 0.0548 0.0508 0.0527 0.0679 0.0832 0.1199 0.0854 0.0787 0.084 0.0657 0.0713 0.0691 0.0828 0.1035 0.0327
-3.000 3.000 15 0.0408 0.0998 0.0636 0.0213 0.0129 0.011 0.0095 0.0092 0.0079 0.1616 0.0984 0.0361 0.0203 0.0145 0.0098 0.0093 0.0082 0.1398 0.0911 0.0457 0.0334 0.0185 0.0 0.0082 0.0078 0.1068 0.0779 0.0573 0.0459 0.031 0.0239 0.0245 0.0206 0.1188 0.0879 0.0636 0.0484 0.0386 0.0497 0.0671 0.0684 0.1328 0.0945 0.0592 0.0475 0.0453 0.0585 0.0868 0.1189 0.1058 0.0779 0.0605 0.0596 0.0646 0.0888 0.1051 0.1352 0.0823 0.0865 0.0917 0.0754 0.0848 0.0914 0.107 0.1307 0.0422
-3.000 5.000 25 0.053 0.0931 0.0598 0.0224 0.0145 0.0106 0.0065 0.0035 0.0018 0.1635 0.1001 0.0401 0.0253 0.0177 0.0084 0.0029 0.0014 0.1514 0.1026 0.0586 0.0457 0.0285 0.0082 0.0 0.0013 0.1217 0.0926 0.0726 0.0591 0.0423 0.0252 0.0072 0.0083 0.1352 0.1015 0.0746 0.059 0.0528 0.0537 0.0425 0.042 0.1405 0.0988 0.0668 0.0602 0.0625 0.0692 0.0722 0.091 0.103 0.0827 0.0754 0.0803 0.0874 0.0996 0.0987 0.1159 0.0882 0.1053 0.1109 0.1009 0.1081 0.1019 0.1063 0.1221 0.053
-3.000 7.000 35 0.0572 0.0814 0.0509 0.0171 0.0102 0.0066 0.0034 0.0012 0.0003 0.1567 0.0939 0.0362 0.0227 0.0154 0.0065 0.0014 0.0003 0.1511 0.1021 0.0591 0.0457 0.0275 0.0078 0.0013 0.0 0.1247 0.0956 0.0763 0.0624 0.0463 0.027 0.0077 0.0067 0.14 0.1049 0.078 0.0644 0.059 0.0554 0.0407 0.0378 0.1394 0.0988 0.0724 0.0704 0.0702 0.0703 0.0779 0.0862 0.1009 0.0899 0.089 0.0944 0.0975 0.103 0.1153 0.1075 0.1013 0.1268 0.1263 0.1146 0.114 0.1072 0.1284 0.1141 0.0606
-1.000 -7.000 35 0.0726 0.1044 0.1153 0.1519 0.1504 0.1387 0.1185 0.106 0.1022 0.0585 0.0806 0.1234 0.1313 0.1077 0.102 0.1082 0.1129 0.0143 0.0304 0.07 0.0807 0.0879 0.1068 0.1217 0.1247 0.0 0.0141 0.0538 0.0667 0.0817 0.0982 0.131 0.1529 0.0038 0.0267 0.0609 0.073 0.0773 0.0823 0.099 0.1354 0.0112 0.0478 0.0815 0.0856 0.0873 0.099 0.1088 0.1306 0.0157 0.0481 0.0819 0.0967 0.102 0.1073 0.1318 0.1628 0.0156 0.0419 0.0865 0.1229 0.1145 0.1257 0.1137 0.1144 0.0742
-1.000 -5.000 25 0.0448 0.1261 0.1362 0.1541 0.1217 0.0838 0.0646 0.0611 0.0653 0.0871 0.0917 0.1141 0.0883 0.0641 0.0657 0.0769 0.0833 0.0315 0.0349 0.0512 0.0504 0.0581 0.0779 0.0926 0.0956 0.0141 0.0 0.029 0.0375 0.0517 0.0678 0.101 0.1224 0.025 0.0368 0.0413 0.0455 0.0488 0.054 0.0719 0.1097 0.0508 0.0755 0.0684 0.0571 0.0555 0.0653 0.0741 0.1001 0.0668 0.0876 0.0843 0.0738 0.0717 0.074 0.104 0.1249 0.0715 0.0889 0.1075 0.1068 0.0849 0.0935 0.0772 0.0929 0.0453
-1.000 -3.000 15 0.022 0.1527 0.1477 0.1083 0.0476 0.0297 0.0309 0.0405 0.0512 0.1293 0.1042 0.0724 0.0344 0.0312 0.0448 0.0605 0.0669 0.0706 0.0497 0.0204 0.0199 0.0345 0.0573 0.0726 0.0763 0.0538 0.029 0.0 0.014 0.0313 0.0487 0.0835 0.105 0.0638 0.0402 0.0188 0.02 0.0262 0.0341 0.055 0.0955 0.087 0.0648 0.0414 0.0283 0.0305 0.0407 0.052 0.0843 0.0863 0.0714 0.053 0.0401 0.0435 0.0536 0.0854 0.0959 0.0784 0.0742 0.0804 0.0646 0.0561 0.0631 0.0572 0.0866 0.0224
-1.000 -1.000 5 0.0088 0.1544 0.1322 0.0584 0.0255 0.0245 0.0327 0.0437 0.0512 0.1448 0.107 0.0503 0.0244 0.0286 0.0438 0.0552 0.0569 0.087 0.0575 0.0217 0.0155 0.0262 0.0459 0.0591 0.0624 0.0667 0.0375 0.014 0.0 0.0173 0.0344 0.0703 0.091 0.0779 0.0473 0.0216 0.0123 0.016 0.0236 0.0467 0.0894 0.0928 0.0625 0.0303 0.0184 0.0216 0.0279 0.0423 0.0795 0.0795 0.0578 0.0362 0.0281 0.0351 0.0496 0.0711 0.0799 0.0654 0.0594 0.0651 0.0461 0.0513 0.0502 0.0603 0.0806 0.0119
-1.000 1.000 5 0.0088 0.1576 0.1129 0.0453 0.0289 0.0299 0.0354 0.0397 0.0395 0.1639 0.1157 0.0499 0.0304 0.0321 0.0381 0.0419 0.0399 0.1061 0.0735 0.037 0.0257 0.0212 0.031 0.0423 0.0463 0.0817 0.0517 0.0313 0.0173 0.0 0.0184 0.0565 0.0756 0.093 0.0591 0.0309 0.0162 0.01 0.0145 0.042 0.0866 0.0978 0.0608 0.0281 0.0191 0.0164 0.0211 0.0385 0.0813 0.0705 0.0479 0.0333 0.0313 0.0335 0.0475 0.0593 0.0768 0.0524 0.058 0.0656 0.0465 0.0529 0.0488 0.0601 0.0717 0.0112
-1.000 3.000 15 0.0239 0.155 0.1072 0.0507 0.0384 0.0353 0.0306 0.0261 0.02 0.1836 0.1279 0.0615 0.0442 0.039 0.0318 0.0255 0.0198 0.1276 0.0931 0.0567 0.0449 0.0328 0.0239 0.0252 0.027 0.0982 0.0678 0.0487 0.0344 0.0184 0.0 0.0351 0.0493 0.1058 0.069 0.0394 0.024 0.0153 0.0179 0.0435 0.0786 0.0983 0.0593 0.0302 0.0232 0.0227 0.0269 0.0509 0.094 0.0621 0.0467 0.0404 0.0392 0.0428 0.058 0.0682 0.0956 0.0531 0.0702 0.072 0.0553 0.062 0.0599 0.0698 0.0869 0.0199
-1.000 5.000 25 0.059 0.1575 0.1084 0.0544 0.0388 0.0272 0.0168 0.008 0.0047 0.2104 0.1478 0.0791 0.0567 0.0401 0.021 0.0077 0.005 0.163 0.1268 0.0893 0.0748 0.0539 0.0245 0.0072 0.0077 0.131 0.101 0.0835 0.0703 0.0565 0.0351 0.0 0.0172 0.1345 0.0964 0.0673 0.0533 0.046 0.0416 0.0321 0.0463 0.1168 0.0797 0.0557 0.0527 0.052 0.053 0.0571 0.0857 0.0797 0.073 0.0707 0.0738 0.0753 0.0811 0.0816 0.1036 0.0856 0.109 0.1054 0.0912 0.092 0.0814 0.087 0.1052 0.0518
-1.000 7.000 35 0.0809 0.1333 0.0863 0.0378 0.0244 0.0163 0.0093 0.0057 0.0038 0.2073 0.1385 0.0681 0.0446 0.0287 0.0135 0.0067 0.0048 0.1777 0.1378 0.0969 0.0776 0.0509 0.0206 0.0083 0.0067 0.1529 0.1224 0.105 0.091 0.0756 0.0493 0.0172 0.0 0.1558 0.1169 0.0884 0.0754 0.0685 0.0616 0.0446 0.0324 0.1334 0.0991 0.0795 0.0792 0.0794 0.0756 0.0779 0.0776 0.103 0.1037 0.1051 0.1073 0.1046 0.1053 0.113 0.0948 0.1247 0.1489 0.1389 0.1224 0.1149 0.1075 0.1201 0.0992 0.0746
1.000 -7.000 35 0.0863 0.1042 0.1201 0.1615 0.1597 0.1225 0.1007 0.1003 0.1101 0.0555 0.0823 0.1318 0.1221 0.1006 0.1061 0.1223 0.1305 0.0148 0.0369 0.0816 0.086 0.0963 0.1188 0.1352 0.14 0.0038 0.025 0.0638 0.0779 0.093 0.1058 0.1345 0.1558 0.0 0.0243 0.0679 0.0853 0.0899 0.0932 0.1059 0.1367 0.0072 0.0313 0.0624 0.0757 0.0851 0.1048 0.1269 0.1509 0.0105 0.0288 0.0548 0.0772 0.0884 0.0997 0.1149 0.1497 0.01 0.024 0.0559 0.0938 0.0972 0.1105 0.1096 0.1041 0.0865
1.000 -5.000 25 0.0509 0.1465 0.1683 0.1838 0.1178 0.0714 0.0642 0.075 0.0883 0.0986 0.1219 0.1354 0.0824 0.0657 0.0784 0.0956 0.1002 0.045 0.0684 0.0688 0.0551 0.0667 0.0879 0.1015 0.1049 0.0267 0.0368 0.0402 0.0473 0.0591 0.069 0.0964 0.1169 0.0243 0.0 0.0321 0.0451 0.0483 0.0513 0.0644 0.0959 0.034 0.0339 0.0406 0.0442 0.0504 0.0684 0.0874 0.1108 0.0383 0.0429 0.0492 0.0534 0.0586 0.0661 0.0853 0.1213 0.037 0.0439 0.068 0.0825 0.0702 0.0817 0.0739 0.0697 0.0483
1.000 -3.000 15 0.0225 0.1708 0.1665 0.1209 0.0542 0.0425 0.0517 0.0664 0.0748 0.1335 0.1208 0.083 0.0448 0.0477 0.0652 0.0774 0.0761 0.0773 0.0676 0.0354 0.0334 0.0464 0.0636 0.0746 0.078 0.0609 0.0413 0.0188 0.0216 0.0309 0.0394 0.0673 0.0884 0.0679 0.0321 0.0 0.0136 0.0187 0.0231 0.038 0.0711 0.0641 0.0398 0.019 0.0152 0.0223 0.0406 0.0573 0.082 0.0532 0.0417 0.03 0.0263 0.0318 0.0401 0.0685 0.1021 0.0445 0.046 0.0585 0.0517 0.0414 0.0561 0.0433 0.0519 0.018
1.000 -1.000 5 0.0094 0.1681 0.1534 0.0797 0.0421 0.0424 0.053 0.0619 0.0612 0.1425 0.1142 0.0652 0.0402 0.0454 0.0585 0.0617 0.0595 0.0871 0.0633 0.0321 0.0297 0.0367 0.0484 0.059 0.0644 0.073 0.0455 0.02 0.0123 0.0162 0.024 0.0533 0.0754 0.0853 0.0451 0.0136 0.0 0.0069 0.0123 0.0289 0.0635 0.0719 0.0411 0.0141 0.0074 0.0135 0.029 0.0426 0.0703 0.0483 0.0345 0.023 0.0187 0.0265 0.0376 0.0706 0.0908 0.0379 0.045 0.0552 0.0373 0.041 0.0444 0.04 0.0668 0.0046
1.000 1.000 5 0.0084 0.1713 0.1433 0.0651 0.0438 0.0467 0.0507 0.0525 0.0509 0.1528 0.1192 0.0629 0.0433 0.0474 0.0506 0.0519 0.0509 0.0942 0.0676 0.0387 0.0337 0.0327 0.0386 0.0528 0.059 0.0773 0.0488 0.0262 0.016 0.01 0.0153 0.046 0.0685 0.0899 0.0483 0.0187 0.0069 0.0 0.0061 0.0252 0.0613 0.0704 0.0399 0.0171 0.0121 0.0114 0.0185 0.0316 0.0649 0.0437 0.0363 0.0301 0.0269 0.0289 0.0411 0.0627 0.0717 0.0442 0.0607 0.0636 0.0415 0.0483 0.0413 0.0524 0.0692 0.0039
1.000 3.000 15 0.0144 0.1744 0.1308 0.0634 0.0528 0.0567 0.0608 0.0558 0.0503 0.1677 0.1278 0.0675 0.0522 0.0556 0.0609 0.0551 0.0508 0.1044 0.077 0.0489 0.0428 0.0393 0.0497 0.0537 0.0554 0.0823 0.054 0.0341 0.0236 0.0145 0.0179 0.0416 0.0616 0.0932 0.0513 0.0231 0.0123 0.0061 0.0 0.0209 0.0577 0.0716 0.0433 0.0247 0.0219 0.0184 0.0143 0.0271 0.0636 0.0503 0.0493 0.0458 0.0416 0.0382 0.0467 0.0492 0.0652 0.0654 0.0853 0.0758 0.0548 0.055 0.0474 0.0512 0.0604 0.0099
1.000 5.000 25 0.0364 0.1941 0.1495 0.0967 0.0884 0.0773 0.0575 0.0385 0.0316 0.1981 0.1551 0.098 0.0912 0.0882 0.0648 0.0401 0.0342 0.1285 0.1021 0.0771 0.0764 0.0789 0.0671 0.0425 0.0407 0.099 0.0719 0.055 0.0467 0.042 0.0435 0.0321 0.0446 0.1059 0.0644 0.038 0.0289 0.0252 0.0209 0.0 0.0385 0.0852 0.0596 0.0446 0.0439 0.0405 0.0289 0.0255 0.0549 0.0727 0.0762 0.0732 0.0672 0.059 0.0536 0.0509 0.0663 0.1002 0.1165 0.098 0.0765 0.0683 0.0519 0.0551 0.066 0.0287
1.000 7.000 35 0.0773 0.226 0.1727 0.1099 0.081 0.057 0.0412 0.0342 0.0297 0.25 0.2011 0.1377 0.1134 0.0832 0.0507 0.0372 0.0328 0.1748 0.1499 0.127 0.1246 0.1095 0.0684 0.042 0.0378 0.1354 0.1097 0.0955 0.0894 0.0866 0.0786 0.0463 0.0324 0.1367 0.0959 0.0711 0.0635 0.0613 0.0577 0.0385 0.0 0.1173 0.094 0.0816 0.0821 0.0782 0.0641 0.0563 0.0377 0.1133 0.1188 0.1141 0.1052 0.0924 0.0862 0.08 0.0507 0.1458 0.155 0.1286 0.1051 0.0944 0.082 0.0758 0.0538 0.0653
3.000 -7.000 35 0.0915 0.107 0.1339 0.1941 0.1787 0.1272 0.1147 0.1275 0.1412 0.0578 0.0981 0.1639 0.1379 0.116 0.1298 0.1453 0.1446 0.02 0.0597 0.1107 0.1039 0.116 0.1328 0.1405 0.1394 0.0112 0.0508 0.087 0.0928 0.0978 0.0983 0.1168 0.1334 0.0072 0.034 0.0641 0.0719 0.0704 0.0716 0.0852 0.1173 0.0 0.0152 0.0381 0.0481 0.0562 0.0751 0.1052 0.1339 0.0027 0.0096 0.0258 0.0498 0.0622 0.0749 0.0815 0.101 0.0025 0.0076 0.0274 0.0635 0.0712 0.084 0.0873 0.0841 0.0789
3.000 -5.000 25 0.0557 0.1727 0.2074 0.2114 0.1232 0.0873 0.0914 0.105 0.1104 0.1203 0.16 0.1579 0.0964 0.0894 0.104 0.1108 0.1032 0.0682 0.108 0.0926 0.0775 0.0855 0.0945 0.0988 0.0988 0.0478 0.0755 0.0648 0.0625 0.0608 0.0593 0.0797 0.0991 0.0313 0.0339 0.0398 0.0411 0.0399 0.0433 0.0596 0.094 0.0152 0.0 0.0191 0.0268 0.0348 0.0545 0.0849 0.1141 0.0104 0.0107 0.0207 0.0376 0.0468 0.0574 0.0645 0.0858 0.0092 0.0145 0.0367 0.0622 0.0592 0.0701 0.0703 0.0651 0.0446
3.000 -3.000 15 0.0238 0.1989 0.1938 0.1412 0.0689 0.0586 0.0676 0.0761 0.0735 0.1538 0.1478 0.1027 0.0607 0.0616 0.0735 0.0742 0.0681 0.0996 0.0964 0.0578 0.0479 0.0522 0.0592 0.0668 0.0724 0.0815 0.0684 0.0414 0.0303 0.0281 0.0302 0.0557 0.0795 0.0624 0.0406 0.019 0.0141 0.0171 0.0247 0.0446 0.0816 0.0381 0.0191 0.0 0.0081 0.0184 0.0402 0.0712 0.1012 0.0227 0.0185 0.0149 0.0204 0.0293 0.0393 0.0496 0.0747 0.0204 0.0283 0.0462 0.0466 0.0382 0.0532 0.0501 0.0449 0.0167
3.000 -1.000 15 0.0143 0.1809 0.1665 0.0929 0.0502 0.0508 0.0603 0.0638 0.0602 0.1483 0.1236 0.0745 0.0476 0.0525 0.0614 0.0616 0.0615 0.097 0.076 0.0404 0.036 0.0405 0.0475 0.0602 0.0704 0.0856 0.0571 0.0283 0.0184 0.0191 0.0232 0.0527 0.0792 0.0757 0.0442 0.0152 0.0074 0.0121 0.0219 0.0439 0.0821 0.0481 0.0268 0.0081 0.0 0.0119 0.0352 0.0659 0.0962 0.0314 0.0287 0.0209 0.013 0.0213 0.0284 0.0449 0.0742 0.0368 0.0508 0.0524 0.0309 0.0306 0.045 0.0336 0.0328 0.0101
3.000 1.000 15 0.0153 0.1735 0.1553 0.0755 0.0506 0.0527 0.0576 0.0597 0.0603 0.1485 0.1193 0.0685 0.0495 0.0526 0.057 0.0603 0.0638 0.0968 0.0719 0.0413 0.0389 0.037 0.0453 0.0625 0.0702 0.0873 0.0555 0.0305 0.0216 0.0164 0.0227 0.052 0.0794 0.0851 0.0504 0.0223 0.0135 0.0114 0.0184 0.0405 0.0782 0.0562 0.0348 0.0184 0.0119 0.0 0.0251 0.0537 0.0841 0.0449 0.0445 0.0348 0.0209 0.0144 0.0198 0.0455 0.0738 0.0604 0.0724 0.0571 0.0305 0.0331 0.0247 0.0204 0.0351 0.0126
3.000 3.000 15 0.0218 0.1792 0.1465 0.0702 0.0554 0.0619 0.0721 0.0716 0.0649 0.1593 0.1267 0.0697 0.0546 0.0594 0.0712 0.0712 0.065 0.1051 0.0761 0.0503 0.0448 0.0425 0.0585 0.0692 0.0703 0.099 0.0653 0.0407 0.0279 0.0211 0.0269 0.053 0.0756 0.1048 0.0684 0.0406 0.029 0.0185 0.0143 0.0289 0.0641 0.0751 0.0545 0.0402 0.0352 0.0251 0.0 0.0246 0.0571 0.0679 0.068 0.0557 0.0391 0.0245 0.0224 0.0355 0.0526 0.0856 0.0904 0.0645 0.0395 0.0338 0.0194 0.0261 0.0383 0.0207
3.000 5.000 25 0.036 0.1921 0.1505 0.0895 0.0905 0.0998 0.0893 0.0694 0.0647 0.1776 0.1435 0.0876 0.0822 0.0976 0.0936 0.0708 0.0695 0.1159 0.0891 0.0659 0.065 0.0722 0.0868 0.0722 0.0779 0.1088 0.0741 0.052 0.0423 0.0385 0.0509 0.0571 0.0779 0.1269 0.0874 0.0573 0.0426 0.0316 0.0271 0.0255 0.0563 0.1052 0.0849 0.0712 0.0659 0.0537 0.0246 0.0 0.0368 0.1003 0.0996 0.0842 0.0649 0.0453 0.0322 0.0245 0.0332 0.1154 0.1134 0.0822 0.057 0.0428 0.0261 0.0255 0.0309 0.0334
3.000 7.000 35 0.0714 0.2296 0.1909 0.1471 0.1407 0.1197 0.0947 0.0839 0.0777 0.2209 0.1864 0.1377 0.1417 0.1398 0.1066 0.087 0.0814 0.1485 0.1254 0.1068 0.1128 0.1291 0.1189 0.091 0.0862 0.1306 0.1001 0.0843 0.0795 0.0813 0.094 0.0857 0.0776 0.1509 0.1108 0.082 0.0703 0.0649 0.0636 0.0549 0.0377 0.1339 0.1141 0.1012 0.0962 0.0841 0.0571 0.0368 0.0 0.1307 0.1291 0.1113 0.0906 0.0689 0.054 0.0337 0.0155 0.1375 0.1306 0.0968 0.0714 0.0544 0.0354 0.0261 0.0204 0.0654
5.000 -7.000 35 0.0664 0.1097 0.1494 0.2235 0.1745 0.1174 0.1155 0.1262 0.1261 0.0601 0.1152 0.1834 0.131 0.1129 0.1236 0.1251 0.1108 0.024 0.0795 0.1196 0.1021 0.1045 0.1058 0.103 0.1009 0.0157 0.0668 0.0863 0.0795 0.0705 0.0621 0.0797 0.103 0.0105 0.0383 0.0532 0.0483 0.0437 0.0503 0.0727 0.1133 0.0027 0.0104 0.0227 0.0314 0.0449 0.0679 0.1003 0.1307 0.0 0.0029 0.0152 0.0456 0.0624 0.0797 0.0843 0.0958 0.0003 0.002 0.0158 0.0466 0.0581 0.0725 0.0797 0.0808 0.0503
5.000 -5.000 25 0.0452 0.1764 0.2231 0.2159 0.1195 0.0913 0.0937 0.0999 0.0936 0.121 0.1744 0.1608 0.0987 0.0913 0.097 0.0931 0.0857 0.0697 0.1222 0.0984 0.0801 0.0776 0.0779 0.0827 0.0899 0.0481 0.0876 0.0714 0.0578 0.0479 0.0467 0.073 0.1037 0.0288 0.0429 0.0417 0.0345 0.0363 0.0493 0.0762 0.1188 0.0096 0.0107 0.0185 0.0287 0.0445 0.068 0.0996 0.1291 0.0029 0.0 0.0143 0.0446 0.0596 0.0757 0.0796 0.0908 0.0022 0.0051 0.0218 0.0505 0.0582 0.0714 0.077 0.0769 0.0359
5.000 -3.000 25 0.0298 0.2137 0.2116 0.152 0.0755 0.0649 0.0732 0.0782 0.075 0.1622 0.1652 0.1131 0.0678 0.0667 0.0755 0.0754 0.0767 0.1069 0.1144 0.0696 0.0544 0.0548 0.0605 0.0754 0.089 0.0819 0.0843 0.053 0.0362 0.0333 0.0404 0.0707 0.1051 0.0548 0.0492 0.03 0.023 0.0301 0.0458 0.0732 0.1141 0.0258 0.0207 0.0149 0.0209 0.0348 0.0557 0.0842 0.1113 0.0152 0.0143 0.0 0.0259 0.0377 0.0524 0.0557 0.0668 0.0158 0.0217 0.0288 0.0373 0.0372 0.05 0.054 0.053 0.0253
5.000 -1.000 25 0.0257 0.1985 0.1809 0.1063 0.0595 0.0622 0.072 0.0752 0.0769 0.1608 0.1377 0.0854 0.0566 0.0635 0.0722 0.0758 0.0831 0.1127 0.0928 0.0516 0.045 0.0508 0.0596 0.0803 0.0944 0.0967 0.0738 0.0401 0.0281 0.0313 0.0392 0.0738 0.1073 0.0772 0.0534 0.0263 0.0187 0.0269 0.0416 0.0672 0.1052 0.0498 0.0376 0.0204 0.013 0.0209 0.0391 0.0649 0.0906 0.0456 0.0446 0.0259 0.0 0.0153 0.0308 0.0348 0.0466 0.0499 0.0537 0.0379 0.0147 0.0137 0.0311 0.0333 0.0318 0.0229
5.000 1.000 25 0.0308 0.1881 0.1723 0.093 0.0654 0.069 0.0756 0.082 0.0868 0.1599 0.1316 0.0822 0.0636 0.0685 0.0754 0.0844 0.0902 0.1118 0.0857 0.054 0.0524 0.0527 0.0646 0.0874 0.0975 0.102 0.0717 0.0435 0.0351 0.0335 0.0428 0.0753 0.1046 0.0884 0.0586 0.0318 0.0265 0.0289 0.0382 0.059 0.0924 0.0622 0.0468 0.0293 0.0213 0.0144 0.0245 0.0453 0.0689 0.0624 0.0596 0.0377 0.0153 0.0 0.0106 0.0149 0.0273 0.0653 0.0634 0.038 0.0146 0.0156 0.0196 0.014 0.0121 0.0277
5.000 3.000 25 0.0453 0.1966 0.1757 0.0991 0.0813 0.0874 0.1031 0.1037 0.0946 0.1691 0.143 0.094 0.0801 0.0848 0.1019 0.1027 0.0956 0.1164 0.0922 0.0682 0.0689 0.0679 0.0888 0.0996 0.103 0.1073 0.074 0.0536 0.0496 0.0475 0.058 0.0811 0.1053 0.0997 0.0661 0.0401 0.0376 0.0411 0.0467 0.0536 0.0862 0.0749 0.0574 0.0393 0.0284 0.0198 0.0224 0.0322 0.054 0.0797 0.0757 0.0524 0.0308 0.0106 0.0 0.0081 0.0216 0.0786 0.0736 0.0463 0.0257 0.0177 0.0049 0.0023 0.0052 0.0419
5.000 5.000 25 0.0633 0.2185 0.182 0.1062 0.0982 0.1141 0.1151 0.0969 0.0994 0.199 0.1666 0.1086 0.0938 0.1075 0.1165 0.098 0.106 0.1471 0.1207 0.0917 0.0837 0.0832 0.1051 0.0987 0.1153 0.1318 0.104 0.0854 0.0711 0.0593 0.0682 0.0816 0.113 0.1149 0.0853 0.0685 0.0706 0.0627 0.0492 0.0509 0.08 0.0815 0.0645 0.0496 0.0449 0.0455 0.0355 0.0245 0.0337 0.0843 0.0796 0.0557 0.0348 0.0149 0.0081 0.0 0.0119 0.0791 0.0725 0.0451 0.0261 0.0161 0.0034 0.0022 0.0054 0.0659
5.000 7.000 35 0.0724 0.2271 0.1881 0.1337 0.1437 0.1485 0.125 0.1118 0.1015 0.2098 0.1774 0.1254 0.1279 0.1514 0.1345 0.1139 0.1044 0.16 0.1277 0.1018 0.103 0.1199 0.1352 0.1159 0.1075 0.1628 0.1249 0.0959 0.0799 0.0768 0.0956 0.1036 0.0948 0.1497 0.1213 0.1021 0.0908 0.0717 0.0652 0.0663 0.0507 0.101 0.0858 0.0747 0.0742 0.0738 0.0526 0.0332 0.0155 0.0958 0.0908 0.0668 0.0466 0.0273 0.0216 0.0119 0.0 0.0836 0.0761 0.0486 0.0306 0.0199 0.0076 0.0054 0.0047 0.0744
7.000 -7.000 35 0.0498 0.1085 0.1593 0.2331 0.1521 0.1037 0.1041 0.1074 0.0996 0.0587 0.1251 0.1818 0.1152 0.101 0.1054 0.0986 0.0903 0.0237 0.0891 0.1125 0.0905 0.0854 0.0823 0.0882 0.1013 0.0156 0.0715 0.0784 0.0654 0.0524 0.0531 0.0856 0.1247 0.01 0.037 0.0445 0.0379 0.0442 0.0654 0.1002 0.1458 0.0025 0.0092 0.0204 0.0368 0.0604 0.0856 0.1154 0.1375 0.0003 0.0022 0.0158 0.0499 0.0653 0.0786 0.0791 0.0836 0.0 0.0006 0.0096 0.0334 0.0397 0.0481 0.0529 0.0523 0.0405
7.000 -5.000 35 0.0525 0.1689 0.2257 0.2125 0.1152 0.0917 0.0963 0.1036 0.1021 0.1122 0.1763 0.158 0.0983 0.0917 0.0996 0.1023 0.108 0.0625 0.1242 0.0992 0.0806 0.0787 0.0865 0.1053 0.1268 0.0419 0.0889 0.0742 0.0594 0.058 0.0702 0.109 0.1489 0.024 0.0439 0.046 0.045 0.0607 0.0853 0.1165 0.155 0.0076 0.0145 0.0283 0.0508 0.0724 0.0904 0.1134 0.1306 0.002 0.0051 0.0217 0.0537 0.0634 0.0736 0.0725 0.0761 0.0006 0.0 0.0117 0.0345 0.0388 0.0467 0.0509 0.0498 0.0496
7.000 -3.000 35 0.0612 0.2309 0.2386 0.1768 0.1006 0.0929 0.1033 0.1075 0.1075 0.1736 0.1914 0.1382 0.094 0.0954 0.1049 0.1068 0.114 0.1159 0.14 0.0963 0.0816 0.084 0.0917 0.1109 0.1263 0.0865 0.1075 0.0804 0.0651 0.0656 0.072 0.1054 0.1389 0.0559 0.068 0.0585 0.0552 0.0636 0.0758 0.098 0.1286 0.0274 0.0367 0.0462 0.0524 0.0571 0.0645 0.0822 0.0968 0.0158 0.0218 0.0288 0.0379 0.038 0.0463 0.0451 0.0486 0.0096 0.0117 0.0 0.0172 0.0185 0.0265 0.0303 0.0291 0.0587
7.000 -1.000 35 0.0422 0.2334 0.2102 0.1297 0.0773 0.0788 0.088 0.0924 0.0988 0.1916 0.1683 0.1075 0.0742 0.0794 0.0874 0.0952 0.1053 0.1431 0.126 0.0746 0.0626 0.0657 0.0754 0.1009 0.1146 0.1229 0.1068 0.0646 0.0461 0.0465 0.0553 0.0912 0.1224 0.0938 0.0825 0.0517 0.0373 0.0415 0.0548 0.0765 0.1051 0.0635 0.0622 0.0466 0.0309 0.0305 0.0395 0.057 0.0714 0.0466 0.0505 0.0373 0.0147 0.0146 0.0257 0.0261 0.0306 0.0334 0.0345 0.0172 0.0 0.0038 0.015 0.0191 0.0183 0.0389
7.000 1.000 35 0.0493 0.2049 0.1895 0.1124 0.0833 0.0877 0.0956 0.1044 0.1076 0.1727 0.1461 0.0982 0.0808 0.0871 0.0954 0.1068 0.1085 0.1264 0.1016 0.0682 0.069 0.0713 0.0848 0.1081 0.114 0.1145 0.0849 0.0561 0.0513 0.0529 0.062 0.092 0.1149 0.0972 0.0702 0.0414 0.041 0.0483 0.055 0.0683 0.0944 0.0712 0.0592 0.0382 0.0306 0.0331 0.0338 0.0428 0.0544 0.0581 0.0582 0.0372 0.0137 0.0156 0.0177 0.0161 0.0199 0.0397 0.0388 0.0185 0.0038 0.0 0.0112 0.0127 0.0112 0.0456
7.000 3.000 35 0.0456 0.2038 0.1821 0.1024 0.0825 0.0888 0.1076 0.1084 0.097 0.1778 0.1471 0.0948 0.0805 0.0861 0.1055 0.1062 0.099 0.1345 0.1051 0.0704 0.0683 0.0691 0.0914 0.1019 0.1072 0.1257 0.0935 0.0631 0.0502 0.0488 0.0599 0.0814 0.1075 0.1105 0.0817 0.0561 0.0444 0.0413 0.0474 0.0519 0.082 0.084 0.0701 0.0532 0.045 0.0247 0.0194 0.0261 0.0354 0.0725 0.0714 0.05 0.0311 0.0196 0.0049 0.0034 0.0076 0.0481 0.0467 0.0265 0.015 0.0112 0.0 0.0013 0.0012 0.0424
7.000 5.000 35 0.0572 0.2032 0.1849 0.11 0.0978 0.1133 0.1223 0.1064 0.1147 0.1708 0.1506 0.1066 0.0947 0.1056 0.1212 0.1068 0.1211 0.1183 0.0957 0.0781 0.0825 0.0828 0.107 0.1063 0.1284 0.1137 0.0772 0.0572 0.0603 0.0601 0.0698 0.087 0.1201 0.1096 0.0739 0.0433 0.04 0.0524 0.0512 0.0551 0.0758 0.0873 0.0703 0.0501 0.0336 0.0204 0.0261 0.0255 0.0261 0.0797 0.077 0.054 0.0333 0.014 0.0023 0.0022 0.0054 0.0529 0.0509 0.0303 0.0191 0.0127 0.0013 0.0 0.0007 0.0503
7.000 7.000 35 0.0725 0.2278 0.1906 0.1199 0.1237 0.1461 0.1333 0.1217 0.1104 0.2039 0.1755 0.119 0.1106 0.1376 0.1388 0.1225 0.1125 0.1402 0.1241 0.1015 0.0953 0.1035 0.1307 0.1221 0.1141 0.1144 0.0929 0.0866 0.0806 0.0717 0.0869 0.1052 0.0992 0.1041 0.0697 0.0519 0.0668 0.0692 0.0604 0.066 0.0538 0.0841 0.0651 0.0449 0.0328 0.0351 0.0383 0.0309 0.0204 0.0808 0.0769 0.053 0.0318 0.0121 0.0052 0.0054 0.0047 0.0523 0.0498 0.0291 0.0183 0.0112 0.0012 0.0007 0.0 0.0737
0.500 0.000 0 0.0057 0.1655 0.143 0.0662 0.0398 0.042 0.0495 0.0552 0.0534 0.1482 0.1151 0.0608 0.0392 0.0442 0.0524 0.0555 0.0527 0.0909 0.0647 0.0334 0.0294 0.0327 0.0422 0.053 0.0606 0.0742 0.0453 0.0224 0.0119 0.0112 0.0199 0.0518 0.0746 0.0865 0.0483 0.018 0.0046 0.0039 0.0099 0.0287 0.0653 0.0789 0.0446 0.0167 0.0101 0.0126 0.0207 0.0334 0.0654 0.0503 0.0359 0.0253 0.0229 0.0277 0.0419 0.0659 0.0744 0.0405 0.0496 0.0587 0.0389 0.0456 0.0424 0.0503 0.0737 0.0