n 66
m 4
tmax 1.2
-0.500 0.000 0 0.0 0.0793 0.0856 0.0683 0.0536 0.0461 0.0447 0.0664 0.0814 0.0505 0.0496 0.0452 0.0261 0.0224 0.0482 0.0852 0.0978 0.0411 0.0302 0.0335 0.0189 0.0246 0.0641 0.1009 0.1035 0.0287 0.0174 0.0168 0.0067 0.0096 0.0333 0.0676 0.0759 0.0281 0.012 0.008 0.0049 0.0051 0.0141 0.0367 0.0438 0.0463 0.0236 0.007 0.0035 0.0038 0.026 0.0548 0.0479 0.0565 0.0373 0.0238 0.0042 0.0086 0.0622 0.1297 0.0918 0.0648 0.0659 0.0327 0.0139 0.0284 0.0808 0.1663 0.1676 0.0036
-7.000 -7.000 35 0.0793 0.0 0.017 0.0507 0.0803 0.0943 0.1076 0.1216 0.1197 0.006 0.023 0.0552 0.0873 0.1201 0.1364 0.1482 0.1472 0.0126 0.0277 0.0458 0.073 0.0884 0.104 0.134 0.142 0.0245 0.0398 0.0394 0.0653 0.0883 0.1219 0.1581 0.1622 0.0315 0.0506 0.0413 0.05 0.0805 0.1077 0.1481 0.1701 0.0441 0.0721 0.0544 0.0402 0.0559 0.0912 0.1371 0.1484 0.0603 0.0926 0.0889 0.0505 0.0446 0.09 0.1889 0.1666 0.0824 0.1179 0.1073 0.0897 0.0566 0.0911 0.1864 0.2345 0.0706
-7.000 -5.000 35 0.0856 0.017 0.0 0.0294 0.0562 0.0683 0.0811 0.0944 0.092 0.0239 0.0282 0.0445 0.0688 0.0982 0.1105 0.1194 0.1165 0.035 0.0404 0.0498 0.0686 0.0772 0.0915 0.1183 0.1217 0.0515 0.0495 0.0483 0.0755 0.0837 0.1102 0.1449 0.145 0.0623 0.0574 0.0459 0.0684 0.0922 0.1088 0.1442 0.1606 0.0808 0.075 0.051 0.0542 0.0799 0.1058 0.1399 0.1477 0.1047 0.0927 0.082 0.0508 0.0681 0.123 0.2007 0.1626 0.1316 0.1157 0.1035 0.0681 0.0723 0.1276 0.2288 0.2351 0.0861
-7.000 -3.000 35 0.0683 0.0507 0.0294 0.0 0.0252 0.0364 0.05 0.0632 0.0607 0.0564 0.0438 0.0334 0.0406 0.0667 0.0745 0.0818 0.0782 0.0608 0.0503 0.0494 0.051 0.0563 0.0696 0.0909 0.0886 0.0706 0.0537 0.0546 0.0688 0.0604 0.0901 0.1243 0.1169 0.0741 0.0559 0.0544 0.0775 0.0749 0.0925 0.1297 0.1414 0.0893 0.0683 0.0553 0.0728 0.0758 0.091 0.1252 0.1345 0.1104 0.0799 0.0814 0.0697 0.0788 0.1184 0.1832 0.1423 0.1313 0.1003 0.1036 0.0774 0.0933 0.1389 0.2329 0.2006 0.0762
-7.000 -1.000 35 0.0536 0.0803 0.0562 0.0252 0.0 0.0142 0.0303 0.0434 0.041 0.0862 0.0674 0.0396 0.0264 0.0422 0.0437 0.052 0.0493 0.0812 0.0623 0.0477 0.0417 0.0471 0.0505 0.0635 0.0577 0.0804 0.0571 0.0568 0.0551 0.0558 0.081 0.106 0.085 0.0753 0.0568 0.0618 0.0665 0.0665 0.0962 0.1271 0.1205 0.0887 0.0689 0.0653 0.0655 0.062 0.1031 0.1275 0.131 0.107 0.0825 0.0886 0.0645 0.0637 0.137 0.1824 0.1374 0.1218 0.1088 0.1067 0.0719 0.0803 0.1595 0.25 0.1803 0.0597
-7.000 1.000 35 0.0461 0.0943 0.0683 0.0364 0.0142 0.0 0.018 0.0286 0.0253 0.1044 0.0843 0.0575 0.043 0.0227 0.0213 0.0318 0.0289 0.0945 0.0766 0.0674 0.0499 0.0287 0.0248 0.0394 0.0337 0.092 0.0742 0.0756 0.0521 0.0437 0.0553 0.0772 0.0488 0.0882 0.0771 0.0747 0.056 0.0673 0.0768 0.1063 0.0783 0.107 0.0876 0.0691 0.0533 0.067 0.0959 0.1109 0.1018 0.124 0.0982 0.0811 0.0528 0.0722 0.1514 0.1549 0.1158 0.1322 0.1227 0.0889 0.0615 0.0932 0.1981 0.2228 0.1447 0.0532
-7.000 3.000 35 0.0447 0.1076 0.0811 0.05 0.0303 0.018 0.0 0.0058 0.0033 0.1245 0.1048 0.0785 0.0554 0.0223 0.0165 0.012 0.0066 0.1102 0.0895 0.0695 0.036 0.0211 0.0263 0.0248 0.011 0.0972 0.0728 0.059 0.0321 0.0497 0.0621 0.0606 0.0208 0.083 0.0619 0.0488 0.0486 0.0767 0.0917 0.0967 0.0379 0.0934 0.0634 0.0442 0.0611 0.0789 0.1135 0.1142 0.0586 0.0977 0.0715 0.0624 0.0695 0.0918 0.178 0.1558 0.08 0.1018 0.0999 0.0792 0.0835 0.125 0.2465 0.2128 0.1127 0.0603
-7.000 5.000 35 0.0664 0.1216 0.0944 0.0632 0.0434 0.0286 0.0058 0.0 0.0 0.14 0.1186 0.0894 0.0601 0.0263 0.0114 0.0015 0.0002 0.1132 0.087 0.0616 0.0312 0.0242 0.0216 0.0062 0.0006 0.0867 0.0619 0.0517 0.0402 0.0628 0.0627 0.0248 0.002 0.0705 0.054 0.0546 0.0791 0.0853 0.0953 0.045 0.0048 0.0854 0.0668 0.0721 0.0881 0.0915 0.1187 0.0517 0.0089 0.0982 0.0943 0.097 0.0854 0.1231 0.1828 0.0788 0.015 0.1196 0.1359 0.104 0.1015 0.1807 0.2425 0.1203 0.0335 0.0851
-7.000 7.000 35 0.0814 0.1197 0.092 0.0607 0.041 0.0253 0.0033 0.0 0.0 0.1388 0.1159 0.0848 0.0536 0.0222 0.0077 0.0003 0.0 0.0986 0.0714 0.0479 0.0238 0.0222 0.0166 0.0019 0.0 0.0697 0.0507 0.0481 0.0513 0.0692 0.0552 0.0098 0.0001 0.0633 0.0564 0.0733 0.0947 0.0867 0.074 0.015 0.0004 0.0936 0.0912 0.094 0.0866 0.0969 0.0762 0.0145 0.0012 0.1247 0.1207 0.0971 0.09 0.1301 0.1228 0.0321 0.0031 0.1509 0.1416 0.1017 0.1215 0.1844 0.1658 0.0581 0.0165 0.0921
-5.000 -7.000 35 0.0505 0.006 0.0239 0.0564 0.0862 0.1044 0.1245 0.14 0.1388 0.0 0.0132 0.0376 0.0637 0.0889 0.1009 0.1114 0.1117 0.0077 0.0172 0.0254 0.0438 0.0545 0.0642 0.0893 0.0938 0.0198 0.0316 0.028 0.0401 0.0603 0.0946 0.1331 0.141 0.0263 0.042 0.0349 0.0326 0.0493 0.0705 0.1086 0.1337 0.0391 0.064 0.051 0.0325 0.0333 0.0548 0.0994 0.1051 0.0556 0.0845 0.084 0.0525 0.033 0.0633 0.1534 0.1392 0.0775 0.1096 0.1009 0.0977 0.0548 0.0724 0.1432 0.2025 0.0437
-5.000 -5.000 25 0.0496 0.023 0.0282 0.0438 0.0674 0.0843 0.1048 0.1186 0.1159 0.0132 0.0 0.0226 0.0469 0.0718 0.0823 0.0923 0.0921 0.0185 0.0129 0.0177 0.036 0.0437 0.0527 0.0771 0.0805 0.0328 0.0243 0.0179 0.0381 0.0544 0.0849 0.1204 0.1238 0.0418 0.0332 0.0188 0.0294 0.0525 0.0729 0.1092 0.1301 0.0606 0.0522 0.0276 0.02 0.0357 0.0633 0.1038 0.1086 0.0851 0.0704 0.0608 0.0236 0.0265 0.0733 0.1639 0.136 0.1114 0.094 0.0823 0.0491 0.0363 0.0771 0.1699 0.2085 0.0457
-5.000 -3.000 25 0.0452 0.0552 0.0445 0.0334 0.0396 0.0575 0.0785 0.0894 0.0848 0.0376 0.0226 0.0 0.0218 0.0474 0.0565 0.0662 0.0656 0.0327 0.0183 0.0151 0.0233 0.0261 0.0352 0.0591 0.061 0.0385 0.0212 0.0219 0.0399 0.0394 0.0663 0.0999 0.0991 0.04 0.0239 0.0227 0.0445 0.0526 0.0665 0.0996 0.1152 0.0572 0.0375 0.025 0.0381 0.0497 0.0659 0.0979 0.102 0.0791 0.0498 0.0526 0.0356 0.0486 0.0912 0.1631 0.1207 0.0982 0.0717 0.0756 0.0451 0.0605 0.1076 0.201 0.194 0.0502
-5.000 -1.000 25 0.0261 0.0873 0.0688 0.0406 0.0264 0.043 0.0554 0.0601 0.0536 0.0637 0.0469 0.0218 0.0 0.0268 0.0325 0.042 0.041 0.0476 0.0311 0.0223 0.0121 0.013 0.0225 0.0445 0.0439 0.047 0.03 0.0332 0.0282 0.0249 0.0516 0.0844 0.0775 0.0454 0.0334 0.0383 0.0399 0.0357 0.06 0.0926 0.1015 0.0648 0.0477 0.0415 0.039 0.0333 0.0639 0.092 0.097 0.0842 0.0623 0.0641 0.0385 0.0366 0.0962 0.1519 0.1064 0.0975 0.0903 0.0811 0.0464 0.0542 0.1172 0.2119 0.1623 0.0324
-5.000 1.000 25 0.0224 0.1201 0.0982 0.0667 0.0422 0.0227 0.0223 0.0263 0.0222 0.0889 0.0718 0.0474 0.0268 0.0 0.0078 0.0201 0.02 0.0622 0.045 0.0331 0.0129 0.0043 0.0104 0.0295 0.0264 0.0562 0.0399 0.0372 0.0188 0.0256 0.0436 0.0725 0.0544 0.0523 0.0401 0.0354 0.0275 0.0493 0.0629 0.0926 0.084 0.072 0.0487 0.0317 0.029 0.049 0.0815 0.0951 0.097 0.0847 0.0598 0.0466 0.0314 0.0546 0.1352 0.1465 0.1038 0.091 0.0868 0.0568 0.0423 0.0762 0.1774 0.2177 0.1381 0.0315
-5.000 3.000 25 0.0482 0.1364 0.1105 0.0745 0.0437 0.0213 0.0165 0.0114 0.0077 0.1009 0.0823 0.0565 0.0325 0.0078 0.0 0.0094 0.0077 0.0619 0.0439 0.0305 0.0109 0.009 0.013 0.0205 0.0133 0.0533 0.0378 0.0346 0.0258 0.0471 0.0532 0.0598 0.0288 0.0504 0.0384 0.0392 0.0558 0.0691 0.0815 0.0928 0.0516 0.0711 0.052 0.0498 0.066 0.0696 0.1034 0.1066 0.0725 0.0848 0.0734 0.0722 0.0679 0.0846 0.1693 0.1484 0.0906 0.1006 0.1099 0.0853 0.0787 0.121 0.2372 0.2061 0.1211 0.0633
-5.000 5.000 25 0.0852 0.1482 0.1194 0.0818 0.052 0.0318 0.012 0.0015 0.0003 0.1114 0.0923 0.0662 0.042 0.0201 0.0094 0.0 0.0003 0.0665 0.0498 0.0382 0.0229 0.0253 0.0209 0.0057 0.0011 0.0633 0.0521 0.0555 0.0607 0.0742 0.0635 0.0259 0.0036 0.0707 0.0676 0.0831 0.0952 0.0877 0.0916 0.045 0.0078 0.1058 0.0985 0.0948 0.0886 0.097 0.1118 0.051 0.0132 0.1304 0.1208 0.0988 0.0876 0.1325 0.1747 0.0786 0.0203 0.1493 0.1432 0.1003 0.1131 0.1913 0.2311 0.12 0.0399 0.0954
-5.000 7.000 35 0.0978 0.1472 0.1165 0.0782 0.0493 0.0289 0.0066 0.0002 0.0 0.1117 0.0921 0.0656 0.041 0.02 0.0077 0.0003 0.0 0.0654 0.0503 0.0404 0.0279 0.031 0.0204 0.0016 0.0 0.072 0.0655 0.0746 0.0829 0.0815 0.0545 0.0082 0.0002 0.0952 0.0971 0.1082 0.1023 0.0838 0.0619 0.0116 0.0004 0.1372 0.1194 0.0952 0.0838 0.0901 0.0604 0.0118 0.0012 0.1455 0.1191 0.0917 0.0888 0.1209 0.1096 0.0296 0.0032 0.1463 0.1334 0.1008 0.122 0.1751 0.1512 0.0546 0.017 0.0964
-3.000 -7.000 35 0.0411 0.0126 0.035 0.0608 0.0812 0.0945 0.1102 0.1132 0.0986 0.0077 0.0185 0.0327 0.0476 0.0622 0.0619 0.0665 0.0654 0.0 0.0158 0.0232 0.0364 0.0478 0.0591 0.0901 0.1011 0.0107 0.0227 0.0254 0.0341 0.052 0.0867 0.1297 0.1476 0.0161 0.0293 0.0292 0.0277 0.0363 0.05 0.0807 0.1007 0.0293 0.0517 0.045 0.0294 0.0262 0.0388 0.0824 0.0837 0.0462 0.0718 0.074 0.0583 0.0311 0.0528 0.1408 0.1364 0.0678 0.0965 0.0903 0.1004 0.0633 0.0685 0.1205 0.1861 0.0343
-3.000 -5.000 25 0.0302 0.0277 0.0404 0.0503 0.0623 0.0766 0.0895 0.087 0.0714 0.0172 0.0129 0.0183 0.0311 0.045 0.0439 0.0498 0.0503 0.0158 0.0 0.0069 0.0231 0.0342 0.0463 0.0781 0.0887 0.0224 0.0124 0.008 0.0213 0.0404 0.0757 0.1189 0.1349 0.0287 0.0209 0.0107 0.0132 0.0277 0.0449 0.0783 0.0997 0.0487 0.0411 0.0223 0.0095 0.0141 0.0327 0.0766 0.0785 0.0742 0.0592 0.0559 0.0207 0.0116 0.0443 0.136 0.122 0.0994 0.0831 0.0754 0.0544 0.0279 0.0545 0.1267 0.185 0.0237
-3.000 -3.000 15 0.0335 0.0458 0.0498 0.0494 0.0477 0.0674 0.0695 0.0616 0.0479 0.0254 0.0177 0.0151 0.0223 0.0331 0.0305 0.0382 0.0404 0.0232 0.0069 0.0 0.0177 0.0254 0.0376 0.0699 0.0794 0.0252 0.0086 0.0077 0.0238 0.0376 0.0708 0.1126 0.125 0.0254 0.0114 0.0088 0.0226 0.0369 0.0522 0.0853 0.1054 0.0457 0.0259 0.0123 0.0165 0.0275 0.0495 0.0846 0.0853 0.0671 0.0385 0.0415 0.0164 0.0244 0.0651 0.1506 0.1199 0.0829 0.0619 0.0649 0.0292 0.0365 0.0776 0.1662 0.1953 0.032
-3.000 -1.000 15 0.0189 0.073 0.0686 0.051 0.0417 0.0499 0.036 0.0312 0.0238 0.0438 0.036 0.0233 0.0121 0.0129 0.0109 0.0229 0.0279 0.0364 0.0231 0.0177 0.0 0.0058 0.0216 0.0557 0.0643 0.0371 0.023 0.0231 0.0174 0.0201 0.0535 0.0948 0.1034 0.0357 0.024 0.0251 0.0268 0.0265 0.046 0.0805 0.0981 0.0575 0.0371 0.027 0.0249 0.0239 0.0473 0.0788 0.0816 0.072 0.051 0.0487 0.0242 0.027 0.0778 0.1439 0.1011 0.0823 0.08 0.064 0.0324 0.0442 0.0965 0.1907 0.1706 0.0241
-3.000 1.000 15 0.0246 0.0884 0.0772 0.0563 0.0471 0.0287 0.0211 0.0242 0.0222 0.0545 0.0437 0.0261 0.013 0.0043 0.009 0.0253 0.031 0.0478 0.0342 0.0254 0.0058 0.0 0.0187 0.0525 0.0576 0.0478 0.0339 0.0307 0.0177 0.0274 0.0471 0.0845 0.0862 0.0458 0.0324 0.0293 0.0288 0.0449 0.0565 0.0862 0.0944 0.065 0.0422 0.028 0.0303 0.0421 0.0723 0.087 0.0868 0.0745 0.0548 0.0442 0.032 0.047 0.1229 0.1469 0.0974 0.083 0.0844 0.0541 0.0424 0.0686 0.1592 0.2166 0.1456 0.0336
-3.000 3.000 15 0.0641 0.104 0.0915 0.0696 0.0505 0.0248 0.0263 0.0216 0.0166 0.0642 0.0527 0.0352 0.0225 0.0104 0.013 0.0209 0.0204 0.0591 0.0463 0.0376 0.0216 0.0187 0.0 0.03 0.0292 0.0678 0.057 0.058 0.0535 0.0504 0.0388 0.0583 0.0467 0.0729 0.0634 0.0658 0.0665 0.0536 0.0602 0.0767 0.0628 0.0965 0.0772 0.0629 0.0547 0.0524 0.0813 0.0843 0.0711 0.1074 0.0891 0.0658 0.0491 0.071 0.1487 0.1279 0.0809 0.116 0.1109 0.0676 0.0611 0.1112 0.2152 0.1874 0.1097 0.0639
-3.000 5.000 25 0.1009 0.134 0.1183 0.0909 0.0635 0.0394 0.0248 0.0062 0.0019 0.0893 0.0771 0.0591 0.0445 0.0295 0.0205 0.0057 0.0016 0.0901 0.0781 0.0699 0.0557 0.0525 0.03 0.0 0.0017 0.1106 0.1024 0.1054 0.1001 0.0844 0.0577 0.0204 0.0051 0.1213 0.1098 0.1051 0.0922 0.0805 0.073 0.036 0.01 0.136 0.1085 0.0829 0.075 0.0887 0.0891 0.0406 0.0153 0.132 0.1066 0.0823 0.0826 0.1253 0.1522 0.0687 0.0221 0.1347 0.1237 0.0923 0.1154 0.184 0.2056 0.11 0.042 0.0885
-3.000 7.000 35 0.1035 0.142 0.1217 0.0886 0.0577 0.0337 0.011 0.0006 0.0 0.0938 0.0805 0.061 0.0439 0.0264 0.0133 0.0011 0.0 0.1011 0.0887 0.0794 0.0643 0.0576 0.0292 0.0017 0.0 0.1296 0.1211 0.1222 0.1119 0.0876 0.0504 0.0058 0.0002 0.1348 0.1167 0.1039 0.0856 0.0705 0.0438 0.0074 0.0004 0.1317 0.1001 0.0734 0.0675 0.0701 0.0436 0.0091 0.0013 0.1207 0.0965 0.0737 0.0759 0.1094 0.0986 0.027 0.0034 0.1257 0.1148 0.0889 0.1191 0.1678 0.1372 0.0507 0.0178 0.0862
-1.000 -7.000 35 0.0287 0.0245 0.0515 0.0706 0.0804 0.092 0.0972 0.0867 0.0697 0.0198 0.0328 0.0385 0.047 0.0562 0.0533 0.0633 0.072 0.0107 0.0224 0.0252 0.0371 0.0478 0.0678 0.1106 0.1296 0.0 0.0133 0.0192 0.0244 0.0391 0.0688 0.1054 0.1229 0.0063 0.0162 0.0189 0.0175 0.0214 0.0287 0.0512 0.0603 0.0214 0.0411 0.0408 0.0273 0.0186 0.0272 0.0716 0.0731 0.0392 0.0606 0.0648 0.0689 0.037 0.0463 0.1308 0.1404 0.0605 0.0848 0.0836 0.0959 0.0844 0.0778 0.1067 0.1666 0.0214
-1.000 -5.000 25 0.0174 0.0398 0.0495 0.0537 0.0571 0.0742 0.0728 0.0619 0.0507 0.0316 0.0243 0.0212 0.03 0.0399 0.0378 0.0521 0.0655 0.0227 0.0124 0.0086 0.023 0.0339 0.057 0.1024 0.1211 0.0133 0.0 0.0041 0.0118 0.0276 0.0582 0.0957 0.1126 0.0162 0.0091 0.0056 0.0058 0.0117 0.0206 0.0442 0.054 0.0391 0.0318 0.0206 0.007 0.005 0.018 0.0619 0.0618 0.0652 0.0496 0.0524 0.0292 0.0104 0.0314 0.1219 0.1242 0.0882 0.0737 0.0689 0.068 0.0355 0.0486 0.0999 0.1652 0.0108
-1.000 -3.000 15 0.0168 0.0394 0.0483 0.0546 0.0568 0.0756 0.059 0.0517 0.0481 0.028 0.0179 0.0219 0.0332 0.0372 0.0346 0.0555 0.0746 0.0254 0.008 0.0077 0.0231 0.0307 0.058 0.1054 0.1222 0.0192 0.0041 0.0 0.0114 0.0266 0.0575 0.0954 0.111 0.02 0.0061 0.0017 0.0061 0.0139 0.0241 0.0483 0.0586 0.0433 0.0211 0.0073 0.0034 0.0068 0.0233 0.0642 0.0615 0.0609 0.034 0.0388 0.0077 0.0074 0.0426 0.1296 0.1182 0.0723 0.0596 0.0622 0.0254 0.0228 0.0528 0.1235 0.1788 0.0124
-1.000 -1.000 5 0.0067 0.0653 0.0755 0.0688 0.0551 0.0521 0.0321 0.0402 0.0513 0.0401 0.0381 0.0399 0.0282 0.0188 0.0258 0.0607 0.0829 0.0341 0.0213 0.0238 0.0174 0.0177 0.0535 0.1001 0.1119 0.0244 0.0118 0.0114 0.0 0.0141 0.0461 0.0848 0.0984 0.025 0.0106 0.0073 0.0071 0.01 0.0208 0.0453 0.0557 0.045 0.0218 0.0088 0.0057 0.0074 0.0249 0.0592 0.0538 0.0572 0.0366 0.0299 0.0062 0.0108 0.0538 0.1312 0.1003 0.0654 0.0669 0.0438 0.0154 0.0282 0.0702 0.157 0.1756 0.0079
-1.000 1.000 5 0.0096 0.0883 0.0837 0.0604 0.0558 0.0437 0.0497 0.0628 0.0692 0.0603 0.0544 0.0394 0.0249 0.0256 0.0471 0.0742 0.0815 0.052 0.0404 0.0376 0.0201 0.0274 0.0504 0.0844 0.0876 0.0391 0.0276 0.0266 0.0141 0.0 0.0269 0.0654 0.075 0.0357 0.02 0.0154 0.0113 0.0089 0.0177 0.0401 0.0484 0.0514 0.028 0.0101 0.0077 0.0076 0.0343 0.0511 0.044 0.0582 0.0412 0.023 0.0078 0.0147 0.0829 0.1235 0.0726 0.0687 0.0668 0.0299 0.0183 0.0381 0.1138 0.1845 0.1409 0.0098
-1.000 3.000 15 0.0333 0.1219 0.1102 0.0901 0.081 0.0553 0.0621 0.0627 0.0552 0.0946 0.0849 0.0663 0.0516 0.0436 0.0532 0.0635 0.0545 0.0867 0.0757 0.0708 0.0535 0.0471 0.0388 0.0577 0.0504 0.0688 0.0582 0.0575 0.0461 0.0269 0.0 0.0398 0.0424 0.055 0.0374 0.0302 0.022 0.0152 0.019 0.0323 0.0336 0.0619 0.0371 0.016 0.0123 0.0225 0.0454 0.0421 0.0325 0.0642 0.0434 0.0244 0.0172 0.0495 0.1181 0.0956 0.0453 0.0731 0.0659 0.0305 0.0398 0.0952 0.184 0.1596 0.0841 0.0215
-1.000 5.000 25 0.0676 0.1581 0.1449 0.1243 0.106 0.0772 0.0606 0.0248 0.0098 0.1331 0.1204 0.0999 0.0844 0.0725 0.0598 0.0259 0.0082 0.1297 0.1189 0.1126 0.0948 0.0845 0.0583 0.0204 0.0058 0.1054 0.0957 0.0954 0.0848 0.0654 0.0398 0.0 0.0034 0.0803 0.0617 0.0543 0.0474 0.0436 0.0327 0.0116 0.0045 0.0811 0.0582 0.0393 0.0414 0.0564 0.0503 0.0174 0.0075 0.0851 0.067 0.0494 0.0589 0.1005 0.1176 0.0482 0.0135 0.0983 0.093 0.0715 0.1032 0.1619 0.1682 0.0901 0.0341 0.0497
-1.000 7.000 35 0.0759 0.1622 0.145 0.1169 0.085 0.0488 0.0208 0.002 0.0001 0.141 0.1238 0.0991 0.0775 0.0544 0.0288 0.0036 0.0002 0.1476 0.1349 0.125 0.1034 0.0862 0.0467 0.0051 0.0002 0.1229 0.1126 0.111 0.0984 0.075 0.0424 0.0034 0.0 0.0858 0.0659 0.0576 0.0497 0.0436 0.0243 0.0034 0.0003 0.0839 0.0617 0.0426 0.0452 0.057 0.0318 0.0073 0.0012 0.091 0.0741 0.0599 0.0744 0.1075 0.0937 0.0242 0.0035 0.1084 0.106 0.0953 0.1327 0.17 0.123 0.0461 0.0187 0.0534
1.000 -7.000 35 0.0281 0.0315 0.0623 0.0741 0.0753 0.0882 0.083 0.0705 0.0633 0.0263 0.0418 0.04 0.0454 0.0523 0.0504 0.0707 0.0952 0.0161 0.0287 0.0254 0.0357 0.0458 0.0729 0.1213 0.1348 0.0063 0.0162 0.02 0.025 0.0357 0.055 0.0803 0.0858 0.0 0.0194 0.0297 0.0279 0.0282 0.0305 0.0514 0.0569 0.0146 0.0349 0.0495 0.0504 0.0409 0.047 0.0949 0.102 0.0323 0.0495 0.0562 0.0835 0.0706 0.0805 0.1585 0.179 0.052 0.0719 0.0792 0.0796 0.0995 0.1129 0.1323 0.178 0.0268
1.000 -5.000 25 0.012 0.0506 0.0574 0.0559 0.0568 0.0771 0.0619 0.054 0.0564 0.042 0.0332 0.0239 0.0334 0.0401 0.0384 0.0676 0.0971 0.0293 0.0209 0.0114 0.024 0.0324 0.0634 0.1098 0.1167 0.0162 0.0091 0.0061 0.0106 0.02 0.0374 0.0617 0.0659 0.0194 0.0 0.0077 0.0067 0.0079 0.0113 0.0331 0.0388 0.0349 0.0226 0.0241 0.0181 0.0114 0.0216 0.0702 0.0766 0.056 0.0375 0.0458 0.0512 0.0288 0.0442 0.1283 0.1461 0.0734 0.0612 0.0592 0.0751 0.0657 0.069 0.0976 0.1534 0.0083
1.000 -3.000 15 0.008 0.0413 0.0459 0.0544 0.0618 0.0747 0.0488 0.0546 0.0733 0.0349 0.0188 0.0227 0.0383 0.0354 0.0392 0.0831 0.1082 0.0292 0.0107 0.0088 0.0251 0.0293 0.0658 0.1051 0.1039 0.0189 0.0056 0.0017 0.0073 0.0154 0.0302 0.0543 0.0576 0.0297 0.0077 0.0 0.0012 0.0036 0.0081 0.0307 0.0363 0.0445 0.0211 0.0091 0.0021 0.0015 0.0162 0.0643 0.0686 0.0571 0.0341 0.0424 0.0127 0.006 0.0334 0.1231 0.1339 0.0648 0.0623 0.0644 0.0357 0.0253 0.0463 0.096 0.1592 0.0037
1.000 -1.000 5 0.0049 0.05 0.0684 0.0775 0.0665 0.056 0.0486 0.0791 0.0947 0.0326 0.0294 0.0445 0.0399 0.0275 0.0558 0.0952 0.1023 0.0277 0.0132 0.0226 0.0268 0.0288 0.0665 0.0922 0.0856 0.0175 0.0058 0.0061 0.0071 0.0113 0.022 0.0474 0.0497 0.0279 0.0067 0.0012 0.0 0.0019 0.0075 0.0307 0.0355 0.0444 0.0219 0.0041 0.0005 0.0012 0.0193 0.0632 0.0635 0.0563 0.0371 0.0242 0.0024 0.0059 0.0411 0.1299 0.1252 0.064 0.0663 0.0359 0.0127 0.024 0.0559 0.1225 0.1777 0.0017
1.000 1.000 5 0.0051 0.0805 0.0922 0.0749 0.0665 0.0673 0.0767 0.0853 0.0867 0.0493 0.0525 0.0526 0.0357 0.0493 0.0691 0.0877 0.0838 0.0363 0.0277 0.0369 0.0265 0.0449 0.0536 0.0805 0.0705 0.0214 0.0117 0.0139 0.01 0.0089 0.0152 0.0436 0.0436 0.0282 0.0079 0.0036 0.0019 0.0 0.009 0.032 0.0351 0.0446 0.0229 0.0034 0.0009 0.0028 0.0265 0.0599 0.0549 0.057 0.0363 0.0154 0.0038 0.0123 0.0698 0.1369 0.1065 0.0673 0.0592 0.0225 0.0171 0.037 0.0939 0.1703 0.1752 0.0014
1.000 3.000 15 0.0141 0.1077 0.1088 0.0925 0.0962 0.0768 0.0917 0.0953 0.074 0.0705 0.0729 0.0665 0.06 0.0629 0.0815 0.0916 0.0619 0.05 0.0449 0.0522 0.046 0.0565 0.0602 0.073 0.0438 0.0287 0.0206 0.0241 0.0208 0.0177 0.019 0.0327 0.0243 0.0305 0.0113 0.0081 0.0075 0.009 0.0 0.0164 0.0161 0.0485 0.0285 0.0099 0.0117 0.0229 0.0342 0.0346 0.0262 0.0625 0.0425 0.024 0.025 0.0566 0.1113 0.0994 0.0529 0.0741 0.0657 0.0393 0.0568 0.1049 0.1723 0.1614 0.1059 0.0088
1.000 5.000 25 0.0367 0.1481 0.1442 0.1297 0.1271 0.1063 0.0967 0.045 0.015 0.1086 0.1092 0.0996 0.0926 0.0926 0.0928 0.045 0.0116 0.0807 0.0783 0.0853 0.0805 0.0862 0.0767 0.036 0.0074 0.0512 0.0442 0.0483 0.0453 0.0401 0.0323 0.0116 0.0034 0.0514 0.0331 0.0307 0.0307 0.032 0.0164 0.0 0.0021 0.073 0.0549 0.0379 0.0434 0.056 0.0369 0.0106 0.0055 0.094 0.0773 0.0648 0.0766 0.1109 0.1079 0.0453 0.0135 0.115 0.1116 0.0995 0.1296 0.1685 0.1498 0.0867 0.0375 0.0297
1.000 7.000 35 0.0438 0.1701 0.1606 0.1414 0.1205 0.0783 0.0379 0.0048 0.0004 0.1337 0.1301 0.1152 0.1015 0.084 0.0516 0.0078 0.0004 0.1007 0.0997 0.1054 0.0981 0.0944 0.0628 0.01 0.0004 0.0603 0.054 0.0586 0.0557 0.0484 0.0336 0.0045 0.0003 0.0569 0.0388 0.0363 0.0355 0.0351 0.0161 0.0021 0.0 0.0826 0.0655 0.049 0.0553 0.0655 0.0352 0.007 0.001 0.1111 0.0966 0.0873 0.102 0.1292 0.0942 0.0205 0.0037 0.1425 0.1428 0.139 0.1708 0.1683 0.1028 0.0405 0.02 0.0338
3.000 -7.000 35 0.0463 0.0441 0.0808 0.0893 0.0887 0.107 0.0934 0.0854 0.0936 0.0391 0.0606 0.0572 0.0648 0.072 0.0711 0.1058 0.1372 0.0293 0.0487 0.0457 0.0575 0.065 0.0965 0.136 0.1317 0.0214 0.0391 0.0433 0.045 0.0514 0.0619 0.0811 0.0839 0.0146 0.0349 0.0445 0.0444 0.0446 0.0485 0.073 0.0826 0.0 0.0227 0.0394 0.056 0.0528 0.0609 0.1216 0.142 0.021 0.0348 0.0395 0.063 0.0671 0.0894 0.1693 0.2019 0.038 0.0531 0.075 0.0646 0.0736 0.0968 0.1185 0.156 0.0442
3.000 -5.000 25 0.0236 0.0721 0.075 0.0683 0.0689 0.0876 0.0634 0.0668 0.0912 0.064 0.0522 0.0375 0.0477 0.0487 0.052 0.0985 0.1194 0.0517 0.0411 0.0259 0.0371 0.0422 0.0772 0.1085 0.1001 0.0411 0.0318 0.0211 0.0218 0.028 0.0371 0.0582 0.0617 0.0349 0.0226 0.0211 0.0219 0.0229 0.0285 0.0549 0.0655 0.0227 0.0 0.0197 0.0347 0.0314 0.041 0.103 0.123 0.0361 0.0159 0.0223 0.0481 0.0477 0.0696 0.1509 0.1818 0.0463 0.0416 0.0424 0.0464 0.0634 0.0838 0.1058 0.147 0.0218
3.000 -3.000 15 0.007 0.0544 0.051 0.0553 0.0653 0.0691 0.0442 0.0721 0.094 0.051 0.0276 0.025 0.0415 0.0317 0.0498 0.0948 0.0952 0.045 0.0223 0.0123 0.027 0.028 0.0629 0.0829 0.0734 0.0408 0.0206 0.0073 0.0088 0.0101 0.016 0.0393 0.0426 0.0495 0.0241 0.0091 0.0041 0.0034 0.0099 0.0379 0.049 0.0394 0.0197 0.0 0.0064 0.0038 0.0165 0.0805 0.0999 0.0466 0.0248 0.0293 0.0213 0.0155 0.0411 0.1259 0.1545 0.0481 0.0527 0.0469 0.0399 0.036 0.0522 0.0804 0.1296 0.0031
3.000 -1.000 15 0.0035 0.0402 0.0542 0.0728 0.0655 0.0533 0.0611 0.0881 0.0866 0.0325 0.02 0.0381 0.039 0.029 0.066 0.0886 0.0838 0.0294 0.0095 0.0165 0.0249 0.0303 0.0547 0.075 0.0675 0.0273 0.007 0.0034 0.0057 0.0077 0.0123 0.0414 0.0452 0.0504 0.0181 0.0021 0.0005 0.0009 0.0117 0.0434 0.0553 0.056 0.0347 0.0064 0.0 0.0011 0.0191 0.0851 0.1026 0.0637 0.0404 0.0214 0.0031 0.0068 0.0407 0.1292 0.1521 0.0678 0.0646 0.0293 0.0141 0.0244 0.0493 0.0918 0.1482 0.0011
3.000 1.000 15 0.0038 0.0559 0.0799 0.0758 0.062 0.067 0.0789 0.0915 0.0969 0.0333 0.0357 0.0497 0.0333 0.049 0.0696 0.097 0.0901 0.0262 0.0141 0.0275 0.0239 0.0421 0.0524 0.0887 0.0701 0.0186 0.005 0.0068 0.0074 0.0076 0.0225 0.0564 0.057 0.0409 0.0114 0.0015 0.0012 0.0028 0.0229 0.056 0.0655 0.0528 0.0314 0.0038 0.0011 0.0 0.0273 0.0918 0.1039 0.0632 0.0389 0.0171 0.0061 0.0111 0.0544 0.1374 0.1459 0.0667 0.0564 0.0226 0.0217 0.0363 0.0697 0.1304 0.1754 0.0018
3.000 3.000 15 0.026 0.0912 0.1058 0.091 0.1031 0.0959 0.1135 0.1187 0.0762 0.0548 0.0633 0.0659 0.0639 0.0815 0.1034 0.1118 0.0604 0.0388 0.0327 0.0495 0.0473 0.0723 0.0813 0.0891 0.0436 0.0272 0.018 0.0233 0.0249 0.0343 0.0454 0.0503 0.0318 0.047 0.0216 0.0162 0.0193 0.0265 0.0342 0.0369 0.0352 0.0609 0.041 0.0165 0.0191 0.0273 0.0 0.0464 0.0493 0.0775 0.0557 0.0381 0.0376 0.0538 0.0764 0.0968 0.0796 0.0852 0.0763 0.054 0.0685 0.0937 0.1239 0.1337 0.1266 0.0203
3.000 5.000 25 0.0548 0.1371 0.1399 0.1252 0.1275 0.1109 0.1142 0.0517 0.0145 0.0994 0.1038 0.0979 0.092 0.0951 0.1066 0.051 0.0118 0.0824 0.0766 0.0846 0.0788 0.087 0.0843 0.0406 0.0091 0.0716 0.0619 0.0642 0.0592 0.0511 0.0421 0.0174 0.0073 0.0949 0.0702 0.0643 0.0632 0.0599 0.0346 0.0106 0.007 0.1216 0.103 0.0805 0.0851 0.0918 0.0464 0.0 0.0069 0.1465 0.1276 0.1144 0.12 0.1333 0.098 0.0344 0.0142 0.1685 0.164 0.1505 0.1655 0.1615 0.114 0.0711 0.0406 0.0588
3.000 7.000 35 0.0479 0.1484 0.1477 0.1345 0.131 0.1018 0.0586 0.0089 0.0012 0.1051 0.1086 0.102 0.097 0.097 0.0725 0.0132 0.0012 0.0837 0.0785 0.0853 0.0816 0.0868 0.0711 0.0153 0.0013 0.0731 0.0618 0.0615 0.0538 0.044 0.0325 0.0075 0.0012 0.102 0.0766 0.0686 0.0635 0.0549 0.0262 0.0055 0.001 0.142 0.123 0.0999 0.1026 0.1039 0.0493 0.0069 0.0 0.1766 0.1589 0.1462 0.1504 0.1517 0.0876 0.0146 0.0036 0.2081 0.2008 0.181 0.1743 0.1332 0.0741 0.0346 0.0218 0.0541
5.000 -7.000 35 0.0565 0.0603 0.1047 0.1104 0.107 0.124 0.0977 0.0982 0.1247 0.0556 0.0851 0.0791 0.0842 0.0847 0.0848 0.1304 0.1455 0.0462 0.0742 0.0671 0.072 0.0745 0.1074 0.132 0.1207 0.0392 0.0652 0.0609 0.0572 0.0582 0.0642 0.0851 0.091 0.0323 0.056 0.0571 0.0563 0.057 0.0625 0.094 0.1111 0.021 0.0361 0.0466 0.0637 0.0632 0.0775 0.1465 0.1766 0.0 0.0278 0.0446 0.0652 0.0697 0.0927 0.1697 0.2055 0.0099 0.0216 0.0585 0.0699 0.0779 0.0966 0.1103 0.134 0.0559
5.000 -5.000 25 0.0373 0.0926 0.0927 0.0799 0.0825 0.0982 0.0715 0.0943 0.1207 0.0845 0.0704 0.0498 0.0623 0.0598 0.0734 0.1208 0.1191 0.0718 0.0592 0.0385 0.051 0.0548 0.0891 0.1066 0.0965 0.0606 0.0496 0.034 0.0366 0.0412 0.0434 0.067 0.0741 0.0495 0.0375 0.0341 0.0371 0.0363 0.0425 0.0773 0.0966 0.0348 0.0159 0.0248 0.0404 0.0389 0.0557 0.1276 0.1589 0.0278 0.0 0.0176 0.0394 0.0441 0.0693 0.1482 0.1837 0.0203 0.0235 0.0419 0.0405 0.0496 0.0701 0.0858 0.1121 0.0366
5.000 -3.000 25 0.0238 0.0889 0.082 0.0814 0.0886 0.0811 0.0624 0.097 0.0971 0.084 0.0608 0.0526 0.0641 0.0466 0.0722 0.0988 0.0917 0.074 0.0559 0.0415 0.0487 0.0442 0.0658 0.0823 0.0737 0.0648 0.0524 0.0388 0.0299 0.023 0.0244 0.0494 0.0599 0.0562 0.0458 0.0424 0.0242 0.0154 0.024 0.0648 0.0873 0.0395 0.0223 0.0293 0.0214 0.0171 0.0381 0.1144 0.1462 0.0446 0.0176 0.0 0.0176 0.0216 0.0495 0.1305 0.1649 0.0417 0.0401 0.0199 0.0183 0.0308 0.0516 0.0689 0.0979 0.0196
5.000 -1.000 25 0.0042 0.0505 0.0508 0.0697 0.0645 0.0528 0.0695 0.0854 0.09 0.0525 0.0236 0.0356 0.0385 0.0314 0.0679 0.0876 0.0888 0.0583 0.0207 0.0164 0.0242 0.032 0.0491 0.0826 0.0759 0.0689 0.0292 0.0077 0.0062 0.0078 0.0172 0.0589 0.0744 0.0835 0.0512 0.0127 0.0024 0.0038 0.025 0.0766 0.102 0.063 0.0481 0.0213 0.0031 0.0061 0.0376 0.12 0.1504 0.0652 0.0394 0.0176 0.0 0.0105 0.0448 0.1286 0.1607 0.0616 0.0509 0.0173 0.0101 0.0216 0.0427 0.0639 0.0977 0.0028
5.000 1.000 25 0.0086 0.0446 0.0681 0.0788 0.0637 0.0722 0.0918 0.1231 0.1301 0.033 0.0265 0.0486 0.0366 0.0546 0.0846 0.1325 0.1209 0.0311 0.0116 0.0244 0.027 0.047 0.071 0.1253 0.1094 0.037 0.0104 0.0074 0.0108 0.0147 0.0495 0.1005 0.1075 0.0706 0.0288 0.006 0.0059 0.0123 0.0566 0.1109 0.1292 0.0671 0.0477 0.0155 0.0068 0.0111 0.0538 0.1333 0.1517 0.0697 0.0441 0.0216 0.0105 0.0 0.0414 0.1239 0.1491 0.0681 0.0549 0.0249 0.0217 0.0225 0.0375 0.0636 0.1013 0.0077
5.000 3.000 25 0.0622 0.09 0.123 0.1184 0.137 0.1514 0.178 0.1828 0.1228 0.0633 0.0733 0.0912 0.0962 0.1352 0.1693 0.1747 0.1096 0.0528 0.0443 0.0651 0.0778 0.1229 0.1487 0.1522 0.0986 0.0463 0.0314 0.0426 0.0538 0.0829 0.1181 0.1176 0.0937 0.0805 0.0442 0.0334 0.0411 0.0698 0.1113 0.1079 0.0942 0.0894 0.0696 0.0411 0.0407 0.0544 0.0764 0.098 0.0876 0.0927 0.0693 0.0495 0.0448 0.0414 0.0 0.0667 0.0802 0.0962 0.0839 0.0584 0.0558 0.0437 0.0322 0.0471 0.0749 0.0539
5.000 5.000 25 0.1297 0.1889 0.2007 0.1832 0.1824 0.1549 0.1558 0.0788 0.0321 0.1534 0.1639 0.1631 0.1519 0.1465 0.1484 0.0786 0.0296 0.1408 0.136 0.1506 0.1439 0.1469 0.1279 0.0687 0.027 0.1308 0.1219 0.1296 0.1312 0.1235 0.0956 0.0482 0.0242 0.1585 0.1283 0.1231 0.1299 0.1369 0.0994 0.0453 0.0205 0.1693 0.1509 0.1259 0.1292 0.1374 0.0968 0.0344 0.0146 0.1697 0.1482 0.1305 0.1286 0.1239 0.0667 0.0 0.016 0.1608 0.1456 0.1171 0.1056 0.0767 0.0436 0.0292 0.0332 0.1315
5.000 7.000 35 0.0918 0.1666 0.1626 0.1423 0.1374 0.1158 0.08 0.015 0.0031 0.1392 0.136 0.1207 0.1064 0.1038 0.0906 0.0203 0.0032 0.1364 0.122 0.1199 0.1011 0.0974 0.0809 0.0221 0.0034 0.1404 0.1242 0.1182 0.1003 0.0726 0.0453 0.0135 0.0035 0.179 0.1461 0.1339 0.1252 0.1065 0.0529 0.0135 0.0037 0.2019 0.1818 0.1545 0.1521 0.1459 0.0796 0.0142 0.0036 0.2055 0.1837 0.1649 0.1607 0.1491 0.0802 0.016 0.0 0.1818 0.1631 0.1312 0.114 0.0806 0.0494 0.0294 0.0184 0.1068
7.000 -7.000 35 0.0648 0.0824 0.1316 0.1313 0.1218 0.1322 0.1018 0.1196 0.1509 0.0775 0.1114 0.0982 0.0975 0.091 0.1006 0.1493 0.1463 0.0678 0.0994 0.0829 0.0823 0.083 0.116 0.1347 0.1257 0.0605 0.0882 0.0723 0.0654 0.0687 0.0731 0.0983 0.1084 0.052 0.0734 0.0648 0.064 0.0673 0.0741 0.115 0.1425 0.038 0.0463 0.0481 0.0678 0.0667 0.0852 0.1685 0.2081 0.0099 0.0203 0.0417 0.0616 0.0681 0.0962 0.1608 0.1818 0.0 0.0035 0.029 0.0446 0.0534 0.0711 0.079 0.0927 0.0649
7.000 -5.000 35 0.0659 0.1179 0.1157 0.1003 0.1088 0.1227 0.0999 0.1359 0.1416 0.1096 0.094 0.0717 0.0903 0.0868 0.1099 0.1432 0.1334 0.0965 0.0831 0.0619 0.08 0.0844 0.1109 0.1237 0.1148 0.0848 0.0737 0.0596 0.0669 0.0668 0.0659 0.093 0.106 0.0719 0.0612 0.0623 0.0663 0.0592 0.0657 0.1116 0.1428 0.0531 0.0416 0.0527 0.0646 0.0564 0.0763 0.164 0.2008 0.0216 0.0235 0.0401 0.0509 0.0549 0.0839 0.1456 0.1631 0.0035 0.0 0.0269 0.0362 0.0436 0.0605 0.0677 0.0812 0.0637
7.000 -3.000 35 0.0327 0.1073 0.1035 0.1036 0.1067 0.0889 0.0792 0.104 0.1017 0.1009 0.0823 0.0756 0.0811 0.0568 0.0853 0.1003 0.1008 0.0903 0.0754 0.0649 0.064 0.0541 0.0676 0.0923 0.0889 0.0836 0.0689 0.0622 0.0438 0.0299 0.0305 0.0715 0.0953 0.0792 0.0592 0.0644 0.0359 0.0225 0.0393 0.0995 0.139 0.075 0.0424 0.0469 0.0293 0.0226 0.054 0.1505 0.181 0.0585 0.0419 0.0199 0.0173 0.0249 0.0584 0.1171 0.1312 0.029 0.0269 0.0 0.0073 0.0185 0.0371 0.0448 0.0593 0.0283
7.000 -1.000 35 0.0139 0.0897 0.0681 0.0774 0.0719 0.0615 0.0835 0.1015 0.1215 0.0977 0.0491 0.0451 0.0464 0.0423 0.0787 0.1131 0.122 0.1004 0.0544 0.0292 0.0324 0.0424 0.0611 0.1154 0.1191 0.0959 0.068 0.0254 0.0154 0.0183 0.0398 0.1032 0.1327 0.0796 0.0751 0.0357 0.0127 0.0171 0.0568 0.1296 0.1708 0.0646 0.0464 0.0399 0.0141 0.0217 0.0685 0.1655 0.1743 0.0699 0.0405 0.0183 0.0101 0.0217 0.0558 0.1056 0.114 0.0446 0.0362 0.0073 0.0 0.0139 0.0315 0.0381 0.0526 0.0133
7.000 1.000 35 0.0284 0.0566 0.0723 0.0933 0.0803 0.0932 0.125 0.1807 0.1844 0.0548 0.0363 0.0605 0.0542 0.0762 0.121 0.1913 0.1751 0.0633 0.0279 0.0365 0.0442 0.0686 0.1112 0.184 0.1678 0.0844 0.0355 0.0228 0.0282 0.0381 0.0952 0.1619 0.17 0.0995 0.0657 0.0253 0.024 0.037 0.1049 0.1685 0.1683 0.0736 0.0634 0.036 0.0244 0.0363 0.0937 0.1615 0.1332 0.0779 0.0496 0.0308 0.0216 0.0225 0.0437 0.0767 0.0806 0.0534 0.0436 0.0185 0.0139 0.0 0.0144 0.0199 0.0353 0.0276
7.000 3.000 35 0.0808 0.0911 0.1276 0.1389 0.1595 0.1981 0.2465 0.2425 0.1658 0.0724 0.0771 0.1076 0.1172 0.1774 0.2372 0.2311 0.1512 0.0685 0.0545 0.0776 0.0965 0.1592 0.2152 0.2056 0.1372 0.0778 0.0486 0.0528 0.0702 0.1138 0.184 0.1682 0.123 0.1129 0.069 0.0463 0.0559 0.0939 0.1723 0.1498 0.1028 0.0968 0.0838 0.0522 0.0493 0.0697 0.1239 0.114 0.0741 0.0966 0.0701 0.0516 0.0427 0.0375 0.0322 0.0436 0.0494 0.0711 0.0605 0.0371 0.0315 0.0144 0.0 0.0076 0.0259 0.073
7.000 5.000 35 0.1663 0.1864 0.2288 0.2329 0.25 0.2228 0.2128 0.1203 0.0581 0.1432 0.1699 0.201 0.2119 0.2177 0.2061 0.12 0.0546 0.1205 0.1267 0.1662 0.1907 0.2166 0.1874 0.11 0.0507 0.1067 0.0999 0.1235 0.157 0.1845 0.1596 0.0901 0.0461 0.1323 0.0976 0.096 0.1225 0.1703 0.1614 0.0867 0.0405 0.1185 0.1058 0.0804 0.0918 0.1304 0.1337 0.0711 0.0346 0.1103 0.0858 0.0689 0.0639 0.0636 0.0471 0.0292 0.0294 0.079 0.0677 0.0448 0.0381 0.0199 0.0076 0.0 0.019 0.1509
7.000 7.000 35 0.1676 0.2345 0.2351 0.2006 0.1803 0.1447 0.1127 0.0335 0.0165 0.2025 0.2085 0.194 0.1623 0.1381 0.1211 0.0399 0.017 0.1861 0.185 0.1953 0.1706 0.1456 0.1097 0.042 0.0178 0.1666 0.1652 0.1788 0.1756 0.1409 0.0841 0.0341 0.0187 0.178 0.1534 0.1592 0.1777 0.1752 0.1059 0.0375 0.02 0.156 0.147 0.1296 0.1482 0.1754 0.1266 0.0406 0.0218 0.134 0.1121 0.0979 0.0977 0.1013 0.0749 0.0332 0.0184 0.0927 0.0812 0.0593 0.0526 0.0353 0.0259 0.019 0.0 0.179
0.500 0.000 0 0.0036 0.0706 0.0861 0.0762 0.0597 0.0532 0.0603 0.0851 0.0921 0.0437 0.0457 0.0502 0.0324 0.0315 0.0633 0.0954 0.0964 0.0343 0.0237 0.032 0.0241 0.0336 0.0639 0.0885 0.0862 0.0214 0.0108 0.0124 0.0079 0.0098 0.0215 0.0497 0.0534 0.0268 0.0083 0.0037 0.0017 0.0014 0.0088 0.0297 0.0338 0.0442 0.0218 0.0031 0.0011 0.0018 0.0203 0.0588 0.0541 0.0559 0.0366 0.0196 0.0028 0.0077 0.0539 0.1315 0.1068 0.0649 0.0637 0.0283 0.0133 0.0276 0.073 0.1509 0.179 0.0