n 66
m 4
tmax 23.8
-0.500 0.000 0 0.0 0.0796 0.0575 0.0589 0.0774 0.0646 0.0914 0.1505 0.1662 0.0612 0.0427 0.0454 0.0517 0.0639 0.103 0.0971 0.058 0.0398 0.0296 0.0293 0.0356 0.0521 0.0552 0.0344 0.0529 0.0404 0.02 0.015 0.0064 0.0049 0.0157 0.0306 0.052 0.0474 0.0163 0.004 0.0012 0.0035 0.0213 0.0329 0.0359 0.0481 0.0242 0.0094 0.0054 0.0087 0.027 0.0531 0.0693 0.052 0.0355 0.0268 0.0252 0.0223 0.0306 0.0657 0.1011 0.0499 0.0455 0.0605 0.0701 0.0539 0.0357 0.0807 0.1105 0.0011
-7.000 -7.000 35 0.0796 0.0 0.0038 0.0154 0.0172 0.0236 0.0287 0.0452 0.0807 0.0071 0.0301 0.0375 0.0373 0.057 0.0564 0.0787 0.117 0.0372 0.0517 0.0559 0.0568 0.0664 0.0891 0.103 0.1023 0.0443 0.0611 0.0646 0.0642 0.0953 0.1205 0.1321 0.1514 0.0615 0.0805 0.0726 0.0702 0.0786 0.1064 0.1301 0.1438 0.0833 0.1079 0.0907 0.074 0.0724 0.0935 0.1327 0.1526 0.0999 0.1275 0.1167 0.0972 0.0895 0.0886 0.1275 0.1787 0.1077 0.1369 0.1403 0.1434 0.1347 0.1052 0.1273 0.1706 0.073
-7.000 -5.000 35 0.0575 0.0038 0.0 0.0091 0.009 0.0155 0.0204 0.0374 0.0733 0.0295 0.0274 0.0189 0.0203 0.0403 0.0398 0.0635 0.1036 0.0649 0.0486 0.0322 0.0342 0.0467 0.0679 0.081 0.0812 0.0687 0.0596 0.0428 0.0394 0.0749 0.0994 0.1086 0.1244 0.0883 0.0769 0.0517 0.0444 0.0592 0.0914 0.1144 0.1255 0.1132 0.1027 0.0659 0.047 0.0508 0.081 0.1189 0.1303 0.1322 0.1227 0.0878 0.0665 0.062 0.0711 0.1248 0.1659 0.1411 0.1342 0.1118 0.1095 0.1012 0.0761 0.1198 0.1719 0.0516
-7.000 -3.000 35 0.0589 0.0154 0.0091 0.0 0.0016 0.0102 0.0155 0.0337 0.0703 0.0548 0.0201 0.0041 0.0111 0.0297 0.0288 0.0544 0.0969 0.0577 0.0251 0.0131 0.0279 0.0409 0.0561 0.0674 0.069 0.0489 0.0324 0.0203 0.0341 0.0766 0.0938 0.0967 0.1064 0.0685 0.0445 0.0259 0.0376 0.0675 0.0993 0.1131 0.1153 0.0917 0.0628 0.0338 0.0361 0.0576 0.0973 0.1277 0.1296 0.1057 0.0774 0.0499 0.0504 0.0618 0.0881 0.1476 0.1644 0.1093 0.0851 0.0719 0.0893 0.0916 0.0826 0.1516 0.19 0.0532
-7.000 -1.000 35 0.0774 0.0172 0.009 0.0016 0.0 0.0082 0.0122 0.0314 0.0683 0.0544 0.0149 0.0084 0.0175 0.0212 0.0188 0.0475 0.0929 0.0404 0.0231 0.0273 0.0459 0.0342 0.0412 0.0527 0.0582 0.0439 0.0345 0.0404 0.0579 0.0812 0.0804 0.0724 0.0831 0.0672 0.0478 0.05 0.0699 0.0849 0.098 0.0969 0.0926 0.089 0.0664 0.0593 0.0705 0.0846 0.1148 0.1188 0.1053 0.1004 0.0821 0.0755 0.0855 0.0923 0.1222 0.1603 0.1468 0.103 0.0916 0.1006 0.1258 0.1203 0.1211 0.1881 0.1865 0.0783
-7.000 1.000 35 0.0646 0.0236 0.0155 0.0102 0.0082 0.0 0.0059 0.0282 0.0659 0.0637 0.029 0.0302 0.0246 0.0061 0.0087 0.0437 0.0918 0.0586 0.052 0.057 0.0332 0.0132 0.0291 0.044 0.0569 0.0745 0.0651 0.0538 0.0465 0.0685 0.0593 0.0552 0.0689 0.0976 0.0681 0.0547 0.062 0.0784 0.0783 0.0688 0.0754 0.1092 0.076 0.0604 0.0653 0.0835 0.1001 0.0823 0.0802 0.1108 0.0861 0.0761 0.0829 0.0917 0.1174 0.1229 0.1072 0.107 0.0935 0.1058 0.1257 0.1158 0.1222 0.1618 0.1368 0.0696
-7.000 3.000 35 0.0914 0.0287 0.0204 0.0155 0.0122 0.0059 0.0 0.0241 0.0599 0.072 0.0399 0.0403 0.023 0.0081 0.0154 0.0489 0.0908 0.0721 0.0613 0.0488 0.0197 0.0245 0.0424 0.0533 0.0709 0.0775 0.0515 0.0338 0.059 0.0877 0.0654 0.0629 0.0765 0.0793 0.0455 0.06 0.0904 0.0941 0.0762 0.0746 0.0835 0.0834 0.0712 0.0838 0.0953 0.103 0.0934 0.0835 0.0922 0.0978 0.0994 0.107 0.1125 0.1141 0.1148 0.1196 0.1143 0.1107 0.1183 0.143 0.1538 0.1351 0.1245 0.1596 0.1342 0.0945
-7.000 5.000 35 0.1505 0.0452 0.0374 0.0337 0.0314 0.0282 0.0241 0.0 0.0306 0.0929 0.0629 0.0629 0.044 0.0385 0.0484 0.0512 0.0612 0.0932 0.079 0.065 0.0532 0.074 0.077 0.0646 0.0623 0.0879 0.0656 0.0765 0.134 0.1324 0.0793 0.0739 0.0725 0.0988 0.0999 0.1443 0.1492 0.1122 0.0847 0.0917 0.0802 0.1427 0.1585 0.1541 0.1265 0.1129 0.0973 0.099 0.0918 0.1848 0.1768 0.1524 0.1317 0.1193 0.1194 0.1353 0.113 0.1919 0.1755 0.1772 0.1674 0.1344 0.1347 0.1748 0.128 0.1378
-7.000 7.000 35 0.1662 0.0807 0.0733 0.0703 0.0683 0.0659 0.0599 0.0306 0.0 0.1365 0.1085 0.1095 0.0924 0.0937 0.0979 0.0628 0.0277 0.143 0.1305 0.1226 0.1217 0.1333 0.0943 0.0529 0.0319 0.1435 0.1337 0.1662 0.2082 0.135 0.0702 0.0641 0.0381 0.1846 0.2053 0.2106 0.1415 0.093 0.0806 0.0762 0.0402 0.25 0.214 0.1432 0.1025 0.1011 0.0953 0.0811 0.047 0.2308 0.1648 0.1246 0.1173 0.1118 0.1219 0.1108 0.0631 0.1784 0.1478 0.161 0.1575 0.1287 0.1421 0.1432 0.0708 0.1227
-5.000 -7.000 35 0.0612 0.0071 0.0295 0.0548 0.0544 0.0637 0.072 0.0929 0.1365 0.0 0.0367 0.0505 0.0532 0.0794 0.0827 0.1084 0.1426 0.0217 0.0321 0.0442 0.053 0.0659 0.1001 0.1189 0.1221 0.0248 0.0368 0.0414 0.0479 0.0804 0.1105 0.1295 0.158 0.0419 0.0571 0.0483 0.0452 0.0523 0.0792 0.1064 0.123 0.0634 0.0846 0.0692 0.0493 0.0469 0.0636 0.0994 0.1256 0.0796 0.1034 0.0961 0.0767 0.0691 0.0633 0.0885 0.1417 0.0868 0.1119 0.118 0.1247 0.1189 0.0867 0.0984 0.1305 0.0512
-5.000 -5.000 25 0.0427 0.0301 0.0274 0.0201 0.0149 0.029 0.0399 0.0629 0.1085 0.0367 0.0 0.0115 0.0185 0.0471 0.0513 0.0787 0.1137 0.0298 0.0167 0.0172 0.025 0.0387 0.072 0.0893 0.0923 0.0321 0.0284 0.0238 0.0267 0.0611 0.0905 0.1065 0.1321 0.0553 0.0473 0.0313 0.0286 0.0402 0.0696 0.0959 0.1112 0.0816 0.0739 0.046 0.0314 0.0337 0.0565 0.0934 0.1155 0.1008 0.0944 0.0682 0.0519 0.0485 0.0507 0.09 0.1414 0.1096 0.1059 0.0918 0.0955 0.0907 0.0637 0.0913 0.1357 0.0357
-5.000 -3.000 25 0.0454 0.0375 0.0189 0.0041 0.0084 0.0302 0.0403 0.0629 0.1095 0.0505 0.0115 0.0 0.014 0.0426 0.0458 0.0742 0.1091 0.0324 0.0167 0.0091 0.0201 0.0343 0.0655 0.0807 0.0835 0.0371 0.0237 0.0151 0.0254 0.064 0.0901 0.1008 0.1228 0.0592 0.0356 0.0202 0.0276 0.0483 0.0819 0.1039 0.1149 0.0806 0.0533 0.0282 0.027 0.0392 0.0716 0.1078 0.1222 0.0928 0.0679 0.0445 0.0427 0.0473 0.0624 0.1153 0.1552 0.0953 0.0756 0.0668 0.0828 0.081 0.063 0.1154 0.162 0.039
-5.000 -1.000 25 0.0517 0.0373 0.0203 0.0111 0.0175 0.0246 0.023 0.044 0.0924 0.0532 0.0185 0.014 0.0 0.0178 0.0192 0.0493 0.0842 0.041 0.0278 0.0229 0.0198 0.0188 0.0431 0.0546 0.0572 0.0453 0.0303 0.0261 0.032 0.0603 0.0729 0.0747 0.0924 0.0645 0.0374 0.0319 0.0426 0.0582 0.0813 0.0843 0.0925 0.078 0.0516 0.0389 0.0428 0.0564 0.0899 0.1074 0.1043 0.0851 0.0647 0.0539 0.0581 0.0648 0.0911 0.1377 0.1464 0.0853 0.0724 0.0792 0.0989 0.0937 0.0885 0.1544 0.1774 0.0512
-5.000 1.000 25 0.0639 0.057 0.0403 0.0297 0.0212 0.0061 0.0081 0.0385 0.0937 0.0794 0.0471 0.0426 0.0178 0.0 0.0097 0.045 0.0799 0.0647 0.0486 0.0348 0.014 0.0096 0.031 0.0414 0.0464 0.0599 0.0371 0.0275 0.0427 0.0687 0.0607 0.0586 0.0748 0.0669 0.0398 0.0444 0.0606 0.0741 0.0777 0.0695 0.0764 0.0775 0.0589 0.0572 0.0642 0.0777 0.0965 0.0855 0.081 0.0878 0.0776 0.0755 0.0819 0.0859 0.1104 0.1255 0.1142 0.0922 0.0899 0.1076 0.1243 0.1104 0.1135 0.1613 0.1477 0.0688
-5.000 3.000 25 0.103 0.0564 0.0398 0.0288 0.0188 0.0087 0.0154 0.0484 0.0979 0.0827 0.0513 0.0458 0.0192 0.0097 0.0 0.0341 0.0638 0.0669 0.0496 0.036 0.0251 0.031 0.0271 0.0257 0.031 0.0568 0.0401 0.0544 0.0942 0.0853 0.0465 0.0395 0.0503 0.0797 0.0787 0.1019 0.1011 0.079 0.0571 0.0508 0.0581 0.121 0.117 0.1061 0.0892 0.0847 0.074 0.0624 0.0666 0.1438 0.1292 0.1115 0.1003 0.0949 0.0949 0.0997 0.0907 0.1446 0.1324 0.1401 0.1393 0.1152 0.104 0.1403 0.1135 0.0928
-5.000 5.000 25 0.0971 0.0787 0.0635 0.0544 0.0475 0.0437 0.0489 0.0512 0.0628 0.1084 0.0787 0.0742 0.0493 0.045 0.0341 0.0 0.0253 0.0934 0.0771 0.0669 0.0633 0.0648 0.029 0.0089 0.0119 0.0914 0.0898 0.1235 0.1416 0.0734 0.0241 0.0265 0.0281 0.1556 0.1568 0.1359 0.0784 0.0477 0.0363 0.0463 0.0382 0.1862 0.1356 0.0814 0.0558 0.0582 0.0525 0.056 0.0512 0.1529 0.1041 0.0781 0.0732 0.0698 0.0774 0.0941 0.0735 0.1178 0.0999 0.1166 0.1155 0.0872 0.0953 0.1351 0.0898 0.0666
-5.000 7.000 35 0.058 0.117 0.1036 0.0969 0.0929 0.0918 0.0908 0.0612 0.0277 0.1426 0.1137 0.1091 0.0842 0.0799 0.0638 0.0253 0.0 0.1161 0.0991 0.0891 0.0855 0.0747 0.0265 0.0106 0.0051 0.1244 0.13 0.1538 0.1247 0.044 0.0266 0.0343 0.0154 0.1898 0.144 0.08 0.0415 0.0479 0.0535 0.0451 0.0188 0.1327 0.0704 0.046 0.0565 0.0745 0.0678 0.0514 0.0272 0.0881 0.071 0.0797 0.0909 0.0871 0.0946 0.0821 0.0442 0.0868 0.1035 0.1387 0.133 0.1038 0.116 0.1152 0.0523 0.0399
-3.000 -7.000 35 0.0398 0.0372 0.0649 0.0577 0.0404 0.0586 0.0721 0.0932 0.143 0.0217 0.0298 0.0324 0.041 0.0647 0.0669 0.0934 0.1161 0.0 0.0125 0.0257 0.0329 0.0446 0.0908 0.1185 0.1279 0.009 0.0186 0.0247 0.031 0.0579 0.083 0.1035 0.1349 0.0301 0.0432 0.039 0.0313 0.0321 0.0506 0.0718 0.0826 0.0525 0.0708 0.0646 0.0469 0.038 0.0437 0.0709 0.0977 0.0689 0.0887 0.0906 0.0798 0.0714 0.0585 0.0693 0.1123 0.076 0.0963 0.1089 0.1269 0.1269 0.0968 0.0977 0.1125 0.0323
-3.000 -5.000 25 0.0296 0.0517 0.0486 0.0251 0.0231 0.052 0.0613 0.079 0.1305 0.0321 0.0167 0.0167 0.0278 0.0486 0.0496 0.0771 0.0991 0.0125 0.0 0.011 0.0181 0.0307 0.0788 0.1057 0.1148 0.0192 0.0129 0.0122 0.0192 0.0483 0.0749 0.0953 0.1262 0.0444 0.0338 0.0205 0.0169 0.0227 0.0457 0.068 0.0795 0.0697 0.0608 0.0374 0.0229 0.0212 0.0343 0.0659 0.0916 0.0876 0.081 0.0606 0.0468 0.0421 0.0375 0.0618 0.1098 0.0951 0.092 0.0835 0.0918 0.0889 0.061 0.0764 0.1035 0.0215
-3.000 -3.000 15 0.0293 0.0559 0.0322 0.0131 0.0273 0.057 0.0488 0.065 0.1226 0.0442 0.0172 0.0091 0.0229 0.0348 0.036 0.0669 0.0891 0.0257 0.011 0.0 0.0093 0.0237 0.0745 0.0999 0.1083 0.0288 0.0125 0.0054 0.0143 0.0462 0.0735 0.0929 0.1227 0.0494 0.0238 0.011 0.0143 0.0259 0.0529 0.0739 0.0847 0.0668 0.041 0.0198 0.0157 0.0205 0.0433 0.0757 0.0971 0.0769 0.0557 0.0368 0.0335 0.0342 0.0382 0.0766 0.1234 0.0787 0.0636 0.0595 0.0751 0.0722 0.0483 0.0817 0.1219 0.0216
-3.000 -1.000 15 0.0356 0.0568 0.0342 0.0279 0.0459 0.0332 0.0197 0.0532 0.1217 0.053 0.025 0.0201 0.0198 0.014 0.0251 0.0633 0.0855 0.0329 0.0181 0.0093 0.0 0.0178 0.0717 0.0932 0.1002 0.0331 0.0155 0.0118 0.0216 0.0482 0.0714 0.0875 0.1151 0.0503 0.0246 0.021 0.0293 0.0389 0.0662 0.0792 0.0873 0.0636 0.0406 0.0284 0.0294 0.0373 0.0665 0.0917 0.1028 0.0718 0.0543 0.0438 0.0454 0.0478 0.0644 0.1108 0.1401 0.0727 0.0623 0.0704 0.0873 0.0787 0.0645 0.1199 0.1564 0.0354
-3.000 1.000 15 0.0521 0.0664 0.0467 0.0409 0.0342 0.0132 0.0245 0.074 0.1333 0.0659 0.0387 0.0343 0.0188 0.0096 0.031 0.0648 0.0747 0.0446 0.0307 0.0237 0.0178 0.0 0.0485 0.0597 0.0643 0.0517 0.0404 0.0485 0.0559 0.0475 0.0449 0.0542 0.0789 0.0817 0.0632 0.0581 0.0495 0.0416 0.0522 0.0484 0.0567 0.0963 0.0733 0.0529 0.044 0.0431 0.0657 0.0649 0.0659 0.099 0.076 0.0621 0.0581 0.0511 0.0752 0.1 0.0988 0.0933 0.0803 0.0911 0.0983 0.0759 0.0766 0.1292 0.131 0.0469
-3.000 3.000 15 0.0552 0.0891 0.0679 0.0561 0.0412 0.0291 0.0424 0.077 0.0943 0.1001 0.072 0.0655 0.0431 0.031 0.0271 0.029 0.0265 0.0908 0.0788 0.0745 0.0717 0.0485 0.0 0.0103 0.021 0.1179 0.1105 0.1157 0.0946 0.0399 0.0113 0.0198 0.0426 0.1445 0.107 0.0722 0.0413 0.032 0.0243 0.0254 0.0375 0.1189 0.0737 0.0446 0.0344 0.0437 0.0423 0.0391 0.0434 0.0956 0.0667 0.0532 0.0547 0.0573 0.0634 0.0766 0.0704 0.081 0.0741 0.0933 0.099 0.0784 0.0726 0.1164 0.0959 0.0372
-3.000 5.000 25 0.0344 0.103 0.081 0.0674 0.0527 0.044 0.0533 0.0646 0.0529 0.1189 0.0893 0.0807 0.0546 0.0414 0.0257 0.0089 0.0106 0.1185 0.1057 0.0999 0.0932 0.0597 0.0103 0.0 0.0127 0.1415 0.1262 0.1153 0.0748 0.0269 0.0166 0.0246 0.0304 0.1222 0.0703 0.038 0.0297 0.0378 0.0346 0.0396 0.0353 0.0769 0.0466 0.0373 0.0456 0.0562 0.05 0.0493 0.0468 0.074 0.0644 0.0688 0.073 0.0674 0.0752 0.0874 0.0688 0.0801 0.0924 0.1214 0.1144 0.0837 0.0942 0.1284 0.0854 0.0299
-3.000 7.000 35 0.0529 0.1023 0.0812 0.069 0.0582 0.0569 0.0709 0.0623 0.0319 0.1221 0.0923 0.0835 0.0572 0.0464 0.031 0.0119 0.0051 0.1279 0.1148 0.1083 0.1002 0.0643 0.021 0.0127 0.0 0.1479 0.1282 0.113 0.0761 0.0461 0.0446 0.0331 0.0106 0.1096 0.0683 0.0551 0.0622 0.0713 0.0547 0.0309 0.012 0.0937 0.0781 0.077 0.0825 0.0762 0.0551 0.038 0.0209 0.1115 0.107 0.1086 0.0971 0.0774 0.0814 0.0692 0.0378 0.1244 0.1375 0.1524 0.1246 0.0917 0.1047 0.102 0.0456 0.0629
-1.000 -7.000 35 0.0404 0.0443 0.0687 0.0489 0.0439 0.0745 0.0775 0.0879 0.1435 0.0248 0.0321 0.0371 0.0453 0.0599 0.0568 0.0914 0.1244 0.009 0.0192 0.0288 0.0331 0.0517 0.1179 0.1415 0.1479 0.0 0.0201 0.0308 0.0353 0.0532 0.0652 0.0771 0.1007 0.021 0.0376 0.0448 0.0401 0.037 0.0483 0.0628 0.0677 0.0412 0.0585 0.0664 0.0599 0.054 0.055 0.0769 0.1042 0.0563 0.0727 0.0835 0.0884 0.0913 0.0824 0.0834 0.1179 0.0621 0.0782 0.0946 0.1252 0.1421 0.1248 0.1304 0.1371 0.0367
-1.000 -5.000 25 0.02 0.0611 0.0596 0.0324 0.0345 0.0651 0.0515 0.0656 0.1337 0.0368 0.0284 0.0237 0.0303 0.0371 0.0401 0.0898 0.13 0.0186 0.0129 0.0125 0.0155 0.0404 0.1105 0.1262 0.1282 0.0201 0.0 0.0087 0.0153 0.0346 0.0471 0.0594 0.0832 0.0373 0.0222 0.0166 0.0133 0.0133 0.0278 0.0435 0.0491 0.057 0.048 0.0345 0.0242 0.0208 0.0269 0.0531 0.0805 0.0722 0.067 0.0563 0.0503 0.0504 0.042 0.0519 0.0931 0.078 0.0769 0.0768 0.0941 0.0987 0.0754 0.0841 0.0987 0.0132
-1.000 -3.000 15 0.015 0.0646 0.0428 0.0203 0.0404 0.0538 0.0338 0.0765 0.1662 0.0414 0.0238 0.0151 0.0261 0.0275 0.0544 0.1235 0.1538 0.0247 0.0122 0.0054 0.0118 0.0485 0.1157 0.1153 0.113 0.0308 0.0087 0.0 0.0104 0.0304 0.0424 0.0546 0.0784 0.0458 0.0175 0.0054 0.0052 0.0083 0.0257 0.0414 0.0468 0.0572 0.0328 0.0151 0.0099 0.01 0.022 0.0514 0.0764 0.0649 0.0471 0.0326 0.0301 0.0304 0.0276 0.0489 0.0946 0.0661 0.0549 0.0557 0.0728 0.072 0.0478 0.0667 0.0929 0.0077
-1.000 -1.000 5 0.0064 0.0642 0.0394 0.0341 0.0579 0.0465 0.059 0.134 0.2082 0.0479 0.0267 0.0254 0.032 0.0427 0.0942 0.1416 0.1247 0.031 0.0192 0.0143 0.0216 0.0559 0.0946 0.0748 0.0761 0.0353 0.0153 0.0104 0.0 0.0167 0.027 0.039 0.0627 0.0492 0.0192 0.0062 0.0024 0.0052 0.0232 0.0357 0.0395 0.0524 0.0265 0.0108 0.0053 0.0079 0.0244 0.052 0.0698 0.056 0.0378 0.0262 0.024 0.0229 0.0266 0.0602 0.1012 0.055 0.0453 0.0546 0.0682 0.0571 0.0347 0.0718 0.106 0.0033
-1.000 1.000 5 0.0049 0.0953 0.0749 0.0766 0.0812 0.0685 0.0877 0.1324 0.135 0.0804 0.0611 0.064 0.0603 0.0687 0.0853 0.0734 0.044 0.0579 0.0483 0.0462 0.0482 0.0475 0.0399 0.0269 0.0461 0.0532 0.0346 0.0304 0.0167 0.0 0.0121 0.0256 0.0497 0.0543 0.022 0.0079 0.004 0.0075 0.0221 0.0282 0.0307 0.0499 0.0249 0.0103 0.0087 0.0162 0.0355 0.0512 0.0581 0.0525 0.0363 0.0291 0.0295 0.0286 0.0444 0.0783 0.0977 0.0508 0.0487 0.0669 0.0738 0.056 0.0479 0.1014 0.1228 0.0039
-1.000 3.000 15 0.0157 0.1205 0.0994 0.0938 0.0804 0.0593 0.0654 0.0793 0.0702 0.1105 0.0905 0.0901 0.0729 0.0607 0.0465 0.0241 0.0266 0.083 0.0749 0.0735 0.0714 0.0449 0.0113 0.0166 0.0446 0.0652 0.0471 0.0424 0.027 0.0121 0.0 0.0158 0.0393 0.0572 0.0266 0.0162 0.0173 0.0217 0.0156 0.0141 0.0191 0.0564 0.0356 0.0263 0.0283 0.0353 0.0334 0.0336 0.0346 0.0641 0.053 0.0527 0.0523 0.0481 0.0537 0.0705 0.069 0.0678 0.0759 0.0994 0.0952 0.0673 0.0625 0.1085 0.0967 0.0179
-1.000 5.000 25 0.0306 0.1321 0.1086 0.0967 0.0724 0.0552 0.0629 0.0739 0.0641 0.1295 0.1065 0.1008 0.0747 0.0586 0.0395 0.0265 0.0343 0.1035 0.0953 0.0929 0.0875 0.0542 0.0198 0.0246 0.0331 0.0771 0.0594 0.0546 0.039 0.0256 0.0158 0.0 0.0168 0.0689 0.0406 0.0329 0.0351 0.035 0.0166 0.0082 0.0091 0.0736 0.0547 0.0461 0.0443 0.0396 0.028 0.0227 0.0222 0.0844 0.0748 0.0718 0.0619 0.0468 0.0548 0.0627 0.0463 0.0909 0.1018 0.1178 0.0947 0.0629 0.0759 0.105 0.0647 0.0347
-1.000 7.000 35 0.052 0.1514 0.1244 0.1064 0.0831 0.0689 0.0765 0.0725 0.0381 0.158 0.1321 0.1228 0.0924 0.0748 0.0503 0.0281 0.0154 0.1349 0.1262 0.1227 0.1151 0.0789 0.0426 0.0304 0.0106 0.1007 0.0832 0.0784 0.0627 0.0497 0.0393 0.0168 0.0 0.0874 0.0592 0.0509 0.0503 0.0439 0.0193 0.0069 0.0023 0.0894 0.0688 0.0568 0.0487 0.0391 0.0314 0.0238 0.0142 0.096 0.0843 0.0772 0.0626 0.0562 0.0674 0.0569 0.0318 0.1009 0.1125 0.1257 0.1016 0.078 0.0963 0.0891 0.0394 0.0511
1.000 -7.000 35 0.0474 0.0615 0.0883 0.0685 0.0672 0.0976 0.0793 0.0988 0.1846 0.0419 0.0553 0.0592 0.0645 0.0669 0.0797 0.1556 0.1898 0.0301 0.0444 0.0494 0.0503 0.0817 0.1445 0.1222 0.1096 0.021 0.0373 0.0458 0.0492 0.0543 0.0572 0.0689 0.0874 0.0 0.0285 0.0473 0.048 0.0463 0.0562 0.0718 0.078 0.0184 0.0332 0.0505 0.0582 0.0627 0.0676 0.0907 0.1227 0.0332 0.0445 0.058 0.0742 0.0929 0.0957 0.0981 0.1284 0.0384 0.0491 0.064 0.1014 0.1312 0.1295 0.1466 0.159 0.0456
1.000 -5.000 25 0.0163 0.0805 0.0769 0.0445 0.0478 0.0681 0.0455 0.0999 0.2053 0.0571 0.0473 0.0356 0.0374 0.0398 0.0787 0.1568 0.144 0.0432 0.0338 0.0238 0.0246 0.0632 0.107 0.0703 0.0683 0.0376 0.0222 0.0175 0.0192 0.022 0.0266 0.0406 0.0592 0.0285 0.0 0.0152 0.016 0.0154 0.027 0.0432 0.0499 0.0333 0.0233 0.0253 0.0278 0.0306 0.036 0.0606 0.0926 0.0453 0.0412 0.0418 0.0485 0.0606 0.0597 0.0639 0.0968 0.0498 0.0502 0.058 0.0862 0.1034 0.0939 0.1072 0.1193 0.0149
1.000 -3.000 15 0.004 0.0726 0.0517 0.0259 0.05 0.0547 0.06 0.1443 0.2106 0.0483 0.0313 0.0202 0.0319 0.0444 0.1019 0.1359 0.08 0.039 0.0205 0.011 0.021 0.0581 0.0722 0.038 0.0551 0.0448 0.0166 0.0054 0.0062 0.0079 0.0162 0.0329 0.0509 0.0473 0.0152 0.0 0.0031 0.0043 0.0182 0.0349 0.0417 0.0459 0.0241 0.011 0.0103 0.0137 0.0217 0.049 0.0808 0.0524 0.0374 0.0286 0.0313 0.0383 0.0365 0.0468 0.0843 0.0523 0.045 0.0517 0.0733 0.0802 0.063 0.0788 0.0955 0.003
1.000 -1.000 5 0.0012 0.0702 0.0444 0.0376 0.0699 0.062 0.0904 0.1492 0.1415 0.0452 0.0286 0.0276 0.0426 0.0606 0.1011 0.0784 0.0415 0.0313 0.0169 0.0143 0.0293 0.0495 0.0413 0.0297 0.0622 0.0401 0.0133 0.0052 0.0024 0.004 0.0173 0.0351 0.0503 0.048 0.016 0.0031 0.0 0.0024 0.0189 0.0348 0.0411 0.0477 0.0252 0.01 0.0056 0.0077 0.0189 0.0485 0.0782 0.0521 0.0366 0.0272 0.0264 0.0265 0.0257 0.0458 0.0869 0.0494 0.0457 0.0587 0.0721 0.0624 0.0412 0.0667 0.0907 0.0008
1.000 1.000 5 0.0035 0.0786 0.0592 0.0675 0.0849 0.0784 0.0941 0.1122 0.093 0.0523 0.0402 0.0483 0.0582 0.0741 0.079 0.0477 0.0479 0.0321 0.0227 0.0259 0.0389 0.0416 0.032 0.0378 0.0713 0.037 0.0133 0.0083 0.0052 0.0075 0.0217 0.035 0.0439 0.0463 0.0154 0.0043 0.0024 0.0 0.018 0.0303 0.0351 0.0491 0.0276 0.0139 0.0085 0.0083 0.0212 0.0483 0.0717 0.0548 0.0415 0.0352 0.0298 0.0217 0.0275 0.0569 0.0929 0.0554 0.0583 0.0766 0.0732 0.0495 0.0335 0.0763 0.1004 0.0024
1.000 3.000 15 0.0213 0.1064 0.0914 0.0993 0.098 0.0783 0.0762 0.0847 0.0806 0.0792 0.0696 0.0819 0.0813 0.0777 0.0571 0.0363 0.0535 0.0506 0.0457 0.0529 0.0662 0.0522 0.0243 0.0346 0.0547 0.0483 0.0278 0.0257 0.0232 0.0221 0.0156 0.0166 0.0193 0.0562 0.027 0.0182 0.0189 0.018 0.0 0.0091 0.0147 0.0623 0.0423 0.0303 0.0248 0.0211 0.0182 0.032 0.0464 0.0706 0.0599 0.0549 0.0436 0.032 0.0376 0.0606 0.0775 0.0756 0.0861 0.1011 0.0816 0.0488 0.0461 0.0937 0.0978 0.02
1.000 5.000 25 0.0329 0.1301 0.1144 0.1131 0.0969 0.0688 0.0746 0.0917 0.0762 0.1064 0.0959 0.1039 0.0843 0.0695 0.0508 0.0463 0.0451 0.0718 0.068 0.0739 0.0792 0.0484 0.0254 0.0396 0.0309 0.0628 0.0435 0.0414 0.0357 0.0282 0.0141 0.0082 0.0069 0.0718 0.0432 0.0349 0.0348 0.0303 0.0091 0.0 0.0066 0.0786 0.0587 0.0465 0.0394 0.0338 0.0288 0.0238 0.0257 0.0897 0.0801 0.0749 0.0614 0.0512 0.057 0.0627 0.0504 0.101 0.1153 0.1264 0.0968 0.0666 0.0799 0.1043 0.069 0.0337
1.000 7.000 35 0.0359 0.1438 0.1255 0.1153 0.0926 0.0754 0.0835 0.0802 0.0402 0.123 0.1112 0.1149 0.0925 0.0764 0.0581 0.0382 0.0188 0.0826 0.0795 0.0847 0.0873 0.0567 0.0375 0.0353 0.012 0.0677 0.0491 0.0468 0.0395 0.0307 0.0191 0.0091 0.0023 0.078 0.0499 0.0417 0.0411 0.0351 0.0147 0.0066 0.0 0.0899 0.0711 0.0601 0.0545 0.0524 0.049 0.028 0.0137 0.1097 0.1034 0.1013 0.0902 0.0796 0.0747 0.0548 0.0293 0.1347 0.1537 0.1604 0.12 0.0833 0.1052 0.0817 0.0354 0.0384
3.000 -7.000 35 0.0481 0.0833 0.1132 0.0917 0.089 0.1092 0.0834 0.1427 0.25 0.0634 0.0816 0.0806 0.078 0.0775 0.121 0.1862 0.1327 0.0525 0.0697 0.0668 0.0636 0.0963 0.1189 0.0769 0.0937 0.0412 0.057 0.0572 0.0524 0.0499 0.0564 0.0736 0.0894 0.0184 0.0333 0.0459 0.0477 0.0491 0.0623 0.0786 0.0899 0.0 0.0201 0.0398 0.0521 0.0636 0.0729 0.0972 0.1343 0.0145 0.0243 0.0395 0.0615 0.0898 0.1018 0.108 0.138 0.0187 0.0263 0.0399 0.0785 0.1156 0.1247 0.1544 0.1743 0.0474
3.000 -5.000 25 0.0242 0.1079 0.1027 0.0628 0.0664 0.076 0.0712 0.1585 0.214 0.0846 0.0739 0.0533 0.0516 0.0589 0.117 0.1356 0.0704 0.0708 0.0608 0.041 0.0406 0.0733 0.0737 0.0466 0.0781 0.0585 0.048 0.0328 0.0265 0.0249 0.0356 0.0547 0.0688 0.0332 0.0233 0.0241 0.0252 0.0276 0.0423 0.0587 0.0711 0.0201 0.0 0.0182 0.03 0.0416 0.051 0.0763 0.1137 0.0242 0.018 0.0248 0.0436 0.0685 0.0778 0.0842 0.1143 0.0263 0.0262 0.0362 0.0709 0.1007 0.1035 0.1297 0.1475 0.0245
3.000 -3.000 15 0.0094 0.0907 0.0659 0.0338 0.0593 0.0604 0.0838 0.1541 0.1432 0.0692 0.046 0.0282 0.0389 0.0572 0.1061 0.0814 0.046 0.0646 0.0374 0.0198 0.0284 0.0529 0.0446 0.0373 0.077 0.0664 0.0345 0.0151 0.0108 0.0103 0.0263 0.0461 0.0568 0.0505 0.0253 0.011 0.01 0.0139 0.0303 0.0465 0.0601 0.0398 0.0182 0.0 0.0126 0.0249 0.0349 0.0615 0.0993 0.0381 0.0239 0.017 0.0282 0.0484 0.055 0.0631 0.0944 0.0346 0.0302 0.0401 0.0662 0.0845 0.0796 0.1035 0.1205 0.0102
3.000 -1.000 15 0.0054 0.074 0.047 0.0361 0.0705 0.0653 0.0953 0.1265 0.1025 0.0493 0.0314 0.027 0.0428 0.0642 0.0892 0.0558 0.0565 0.0469 0.0229 0.0157 0.0294 0.044 0.0344 0.0456 0.0825 0.0599 0.0242 0.0099 0.0053 0.0087 0.0283 0.0443 0.0487 0.0582 0.0278 0.0103 0.0056 0.0085 0.0248 0.0394 0.0545 0.0521 0.03 0.0126 0.0 0.0117 0.022 0.0505 0.0884 0.0506 0.0365 0.0268 0.0221 0.0295 0.0329 0.0449 0.0782 0.0461 0.0477 0.0602 0.0683 0.063 0.0514 0.0761 0.0945 0.0061
3.000 1.000 15 0.0087 0.0724 0.0508 0.0576 0.0846 0.0835 0.103 0.1129 0.1011 0.0469 0.0337 0.0392 0.0564 0.0777 0.0847 0.0582 0.0745 0.038 0.0212 0.0205 0.0373 0.0431 0.0437 0.0562 0.0762 0.054 0.0208 0.01 0.0079 0.0162 0.0353 0.0396 0.0391 0.0627 0.0306 0.0137 0.0077 0.0083 0.0211 0.0338 0.0524 0.0636 0.0416 0.0249 0.0117 0.0 0.0125 0.0442 0.0815 0.067 0.055 0.0458 0.0298 0.0156 0.0163 0.0357 0.0707 0.0694 0.0776 0.0886 0.0691 0.0429 0.0258 0.0597 0.0805 0.0075
3.000 3.000 15 0.027 0.0935 0.081 0.0973 0.1148 0.1001 0.0934 0.0973 0.0953 0.0636 0.0565 0.0716 0.0899 0.0965 0.074 0.0525 0.0678 0.0437 0.0343 0.0433 0.0665 0.0657 0.0423 0.05 0.0551 0.055 0.0269 0.022 0.0244 0.0355 0.0334 0.028 0.0314 0.0676 0.036 0.0217 0.0189 0.0212 0.0182 0.0288 0.049 0.0729 0.051 0.0349 0.022 0.0125 0.0 0.0335 0.0666 0.0815 0.0708 0.0614 0.0407 0.019 0.0154 0.0358 0.064 0.0922 0.103 0.1052 0.0676 0.0297 0.0244 0.0655 0.0774 0.0224
3.000 5.000 25 0.0531 0.1327 0.1189 0.1277 0.1188 0.0823 0.0835 0.099 0.0811 0.0994 0.0934 0.1078 0.1074 0.0855 0.0624 0.056 0.0514 0.0709 0.0659 0.0757 0.0917 0.0649 0.0391 0.0493 0.038 0.0769 0.0531 0.0514 0.052 0.0512 0.0336 0.0227 0.0238 0.0907 0.0606 0.049 0.0485 0.0483 0.032 0.0238 0.028 0.0972 0.0763 0.0615 0.0505 0.0442 0.0335 0.0 0.0271 0.1101 0.1006 0.0909 0.0678 0.0436 0.0342 0.0311 0.0346 0.1267 0.136 0.127 0.0767 0.0406 0.061 0.0722 0.0492 0.0506
3.000 7.000 35 0.0693 0.1526 0.1303 0.1296 0.1053 0.0802 0.0922 0.0918 0.047 0.1256 0.1155 0.1222 0.1043 0.081 0.0666 0.0512 0.0272 0.0977 0.0916 0.0971 0.1028 0.0659 0.0434 0.0468 0.0209 0.1042 0.0805 0.0764 0.0698 0.0581 0.0346 0.0222 0.0142 0.1227 0.0926 0.0808 0.0782 0.0717 0.0464 0.0257 0.0137 0.1343 0.1137 0.0993 0.0884 0.0815 0.0666 0.0271 0.0 0.1465 0.1364 0.1246 0.0973 0.0694 0.0583 0.0357 0.0122 0.1631 0.1669 0.1474 0.0938 0.0736 0.0977 0.0548 0.0174 0.0753
5.000 -7.000 35 0.052 0.0999 0.1322 0.1057 0.1004 0.1108 0.0978 0.1848 0.2308 0.0796 0.1008 0.0928 0.0851 0.0878 0.1438 0.1529 0.0881 0.0689 0.0876 0.0769 0.0718 0.099 0.0956 0.074 0.1115 0.0563 0.0722 0.0649 0.056 0.0525 0.0641 0.0844 0.096 0.0332 0.0453 0.0524 0.0521 0.0548 0.0706 0.0897 0.1097 0.0145 0.0242 0.0381 0.0506 0.067 0.0815 0.1101 0.1465 0.0 0.0122 0.0268 0.0518 0.0907 0.1129 0.1227 0.1594 0.0041 0.0085 0.0197 0.0557 0.093 0.1076 0.146 0.1712 0.0517
5.000 -5.000 25 0.0355 0.1275 0.1227 0.0774 0.0821 0.0861 0.0994 0.1768 0.1648 0.1034 0.0944 0.0679 0.0647 0.0776 0.1292 0.1041 0.071 0.0887 0.081 0.0557 0.0543 0.076 0.0667 0.0644 0.107 0.0727 0.067 0.0471 0.0378 0.0363 0.053 0.0748 0.0843 0.0445 0.0412 0.0374 0.0366 0.0415 0.0599 0.0801 0.1034 0.0243 0.018 0.0239 0.0365 0.055 0.0708 0.1006 0.1364 0.0122 0.0 0.0147 0.0415 0.0806 0.1015 0.111 0.1475 0.0087 0.0075 0.0174 0.0543 0.0892 0.1013 0.138 0.1614 0.0367
5.000 -3.000 25 0.0268 0.1167 0.0878 0.0499 0.0755 0.0761 0.107 0.1524 0.1246 0.0961 0.0682 0.0445 0.0539 0.0755 0.1115 0.0781 0.0797 0.0906 0.0606 0.0368 0.0438 0.0621 0.0532 0.0688 0.1086 0.0835 0.0563 0.0326 0.0262 0.0291 0.0527 0.0718 0.0772 0.058 0.0418 0.0286 0.0272 0.0352 0.0549 0.0749 0.1013 0.0395 0.0248 0.017 0.0268 0.0458 0.0614 0.0909 0.1246 0.0268 0.0147 0.0 0.0287 0.0664 0.0844 0.0933 0.1295 0.0181 0.0163 0.0231 0.051 0.078 0.0859 0.1206 0.1423 0.0289
5.000 -1.000 25 0.0252 0.0972 0.0665 0.0504 0.0855 0.0829 0.1125 0.1317 0.1173 0.0767 0.0519 0.0427 0.0581 0.0819 0.1003 0.0732 0.0909 0.0798 0.0468 0.0335 0.0454 0.0581 0.0547 0.073 0.0971 0.0884 0.0503 0.0301 0.024 0.0295 0.0523 0.0619 0.0626 0.0742 0.0485 0.0313 0.0264 0.0298 0.0436 0.0614 0.0902 0.0615 0.0436 0.0282 0.0221 0.0298 0.0407 0.0678 0.0973 0.0518 0.0415 0.0287 0.0 0.0337 0.0476 0.0571 0.0937 0.0472 0.0503 0.0518 0.043 0.0469 0.0491 0.0828 0.1037 0.0269
5.000 1.000 25 0.0223 0.0895 0.062 0.0618 0.0923 0.0917 0.1141 0.1193 0.1118 0.0691 0.0485 0.0473 0.0648 0.0859 0.0949 0.0698 0.0871 0.0714 0.0421 0.0342 0.0478 0.0511 0.0573 0.0674 0.0774 0.0913 0.0504 0.0304 0.0229 0.0286 0.0481 0.0468 0.0562 0.0929 0.0606 0.0383 0.0265 0.0217 0.032 0.0512 0.0796 0.0898 0.0685 0.0484 0.0295 0.0156 0.019 0.0436 0.0694 0.0907 0.0806 0.0664 0.0337 0.0 0.0129 0.0276 0.0662 0.0932 0.0965 0.0874 0.0484 0.0212 0.0163 0.052 0.0732 0.0227
5.000 3.000 25 0.0306 0.0886 0.0711 0.0881 0.1222 0.1174 0.1148 0.1194 0.1219 0.0633 0.0507 0.0624 0.0911 0.1104 0.0949 0.0774 0.0946 0.0585 0.0375 0.0382 0.0644 0.0752 0.0634 0.0752 0.0814 0.0824 0.042 0.0276 0.0266 0.0444 0.0537 0.0548 0.0674 0.0957 0.0597 0.0365 0.0257 0.0275 0.0376 0.057 0.0747 0.1018 0.0778 0.055 0.0329 0.0163 0.0154 0.0342 0.0583 0.1129 0.1015 0.0844 0.0476 0.0129 0.0 0.024 0.0611 0.1164 0.115 0.0948 0.0448 0.0129 0.0153 0.0498 0.0655 0.0265
5.000 5.000 25 0.0657 0.1275 0.1248 0.1476 0.1603 0.1229 0.1196 0.1353 0.1108 0.0885 0.09 0.1153 0.1377 0.1255 0.0997 0.0941 0.0821 0.0693 0.0618 0.0766 0.1108 0.1 0.0766 0.0874 0.0692 0.0834 0.0519 0.0489 0.0602 0.0783 0.0705 0.0627 0.0569 0.0981 0.0639 0.0468 0.0458 0.0569 0.0606 0.0627 0.0548 0.108 0.0842 0.0631 0.0449 0.0357 0.0358 0.0311 0.0357 0.1227 0.111 0.0933 0.0571 0.0276 0.024 0.0 0.0244 0.1277 0.1238 0.1007 0.0555 0.0414 0.0576 0.0391 0.0295 0.0557
5.000 7.000 35 0.1011 0.1787 0.1659 0.1644 0.1468 0.1072 0.1143 0.113 0.0631 0.1417 0.1414 0.1552 0.1464 0.1142 0.0907 0.0735 0.0442 0.1123 0.1098 0.1234 0.1401 0.0988 0.0704 0.0688 0.0378 0.1179 0.0931 0.0946 0.1012 0.0977 0.069 0.0463 0.0318 0.1284 0.0968 0.0843 0.0869 0.0929 0.0775 0.0504 0.0293 0.138 0.1143 0.0944 0.0782 0.0707 0.064 0.0346 0.0122 0.1594 0.1475 0.1295 0.0937 0.0662 0.0611 0.0244 0.0 0.1652 0.1603 0.1369 0.0963 0.0869 0.0786 0.0285 0.0053 0.0947
7.000 -7.000 35 0.0499 0.1077 0.1411 0.1093 0.103 0.107 0.1107 0.1919 0.1784 0.0868 0.1096 0.0953 0.0853 0.0922 0.1446 0.1178 0.0868 0.076 0.0951 0.0787 0.0727 0.0933 0.081 0.0801 0.1244 0.0621 0.078 0.0661 0.055 0.0508 0.0678 0.0909 0.1009 0.0384 0.0498 0.0523 0.0494 0.0554 0.0756 0.101 0.1347 0.0187 0.0263 0.0346 0.0461 0.0694 0.0922 0.1267 0.1631 0.0041 0.0087 0.0181 0.0472 0.0932 0.1164 0.1277 0.1652 0.0 0.002 0.008 0.036 0.0638 0.0693 0.104 0.1243 0.0507
7.000 -5.000 35 0.0455 0.1369 0.1342 0.0851 0.0916 0.0935 0.1183 0.1755 0.1478 0.1119 0.1059 0.0756 0.0724 0.0899 0.1324 0.0999 0.1035 0.0963 0.092 0.0636 0.0623 0.0803 0.0741 0.0924 0.1375 0.0782 0.0769 0.0549 0.0453 0.0487 0.0759 0.1018 0.1125 0.0491 0.0502 0.045 0.0457 0.0583 0.0861 0.1153 0.1537 0.0263 0.0262 0.0302 0.0477 0.0776 0.103 0.136 0.1669 0.0085 0.0075 0.0163 0.0503 0.0965 0.115 0.1238 0.1603 0.002 0.0 0.0079 0.0383 0.0645 0.0686 0.1033 0.1227 0.0479
7.000 -3.000 35 0.0605 0.1403 0.1118 0.0719 0.1006 0.1058 0.143 0.1772 0.161 0.118 0.0918 0.0668 0.0792 0.1076 0.1401 0.1166 0.1387 0.1089 0.0835 0.0595 0.0704 0.0911 0.0933 0.1214 0.1524 0.0946 0.0768 0.0557 0.0546 0.0669 0.0994 0.1178 0.1257 0.064 0.058 0.0517 0.0587 0.0766 0.1011 0.1264 0.1604 0.0399 0.0362 0.0401 0.0602 0.0886 0.1052 0.127 0.1474 0.0197 0.0174 0.0231 0.0518 0.0874 0.0948 0.1007 0.1369 0.008 0.0079 0.0 0.0297 0.0505 0.0519 0.0867 0.1048 0.0649
7.000 -1.000 35 0.0701 0.1434 0.1095 0.0893 0.1258 0.1257 0.1538 0.1674 0.1575 0.1247 0.0955 0.0828 0.0989 0.1243 0.1393 0.1155 0.133 0.1269 0.0918 0.0751 0.0873 0.0983 0.099 0.1144 0.1246 0.1252 0.0941 0.0728 0.0682 0.0738 0.0952 0.0947 0.1016 0.1014 0.0862 0.0733 0.0721 0.0732 0.0816 0.0968 0.12 0.0785 0.0709 0.0662 0.0683 0.0691 0.0676 0.0767 0.0938 0.0557 0.0543 0.051 0.043 0.0484 0.0448 0.0555 0.0963 0.036 0.0383 0.0297 0.0 0.0165 0.0184 0.0562 0.074 0.0717
7.000 1.000 35 0.0539 0.1347 0.1012 0.0916 0.1203 0.1158 0.1351 0.1344 0.1287 0.1189 0.0907 0.081 0.0937 0.1104 0.1152 0.0872 0.1038 0.1269 0.0889 0.0722 0.0787 0.0759 0.0784 0.0837 0.0917 0.1421 0.0987 0.072 0.0571 0.056 0.0673 0.0629 0.078 0.1312 0.1034 0.0802 0.0624 0.0495 0.0488 0.0666 0.0833 0.1156 0.1007 0.0845 0.063 0.0429 0.0297 0.0406 0.0736 0.093 0.0892 0.078 0.0469 0.0212 0.0129 0.0414 0.0869 0.0638 0.0645 0.0505 0.0165 0.0 0.0072 0.0498 0.0662 0.054
7.000 3.000 35 0.0357 0.1052 0.0761 0.0826 0.1211 0.1222 0.1245 0.1347 0.1421 0.0867 0.0637 0.063 0.0885 0.1135 0.104 0.0953 0.116 0.0968 0.061 0.0483 0.0645 0.0766 0.0726 0.0942 0.1047 0.1248 0.0754 0.0478 0.0347 0.0479 0.0625 0.0759 0.0963 0.1295 0.0939 0.063 0.0412 0.0335 0.0461 0.0799 0.1052 0.1247 0.1035 0.0796 0.0514 0.0258 0.0244 0.061 0.0977 0.1076 0.1013 0.0859 0.0491 0.0163 0.0153 0.0576 0.0786 0.0693 0.0686 0.0519 0.0184 0.0072 0.0 0.0341 0.0431 0.0342
7.000 5.000 35 0.0807 0.1273 0.1198 0.1516 0.1881 0.1618 0.1596 0.1748 0.1432 0.0984 0.0913 0.1154 0.1544 0.1613 0.1403 0.1351 0.1152 0.0977 0.0764 0.0817 0.1199 0.1292 0.1164 0.1284 0.102 0.1304 0.0841 0.0667 0.0718 0.1014 0.1085 0.105 0.0891 0.1466 0.1072 0.0788 0.0667 0.0763 0.0937 0.1043 0.0817 0.1544 0.1297 0.1035 0.0761 0.0597 0.0655 0.0722 0.0548 0.146 0.138 0.1206 0.0828 0.052 0.0498 0.0391 0.0285 0.104 0.1033 0.0867 0.0562 0.0498 0.0341 0.0 0.0097 0.0716
7.000 7.000 35 0.1105 0.1706 0.1719 0.19 0.1865 0.1368 0.1342 0.128 0.0708 0.1305 0.1357 0.162 0.1774 0.1477 0.1135 0.0898 0.0523 0.1125 0.1035 0.1219 0.1564 0.131 0.0959 0.0854 0.0456 0.1371 0.0987 0.0929 0.106 0.1228 0.0967 0.0647 0.0394 0.159 0.1193 0.0955 0.0907 0.1004 0.0978 0.069 0.0354 0.1743 0.1475 0.1205 0.0945 0.0805 0.0774 0.0492 0.0174 0.1712 0.1614 0.1423 0.1037 0.0732 0.0655 0.0295 0.0053 0.1243 0.1227 0.1048 0.074 0.0662 0.0431 0.0097 0.0 0.1012
0.500 0.000 0 0.0011 0.073 0.0516 0.0532 0.0783 0.0696 0.0945 0.1378 0.1227 0.0512 0.0357 0.039 0.0512 0.0688 0.0928 0.0666 0.0399 0.0323 0.0215 0.0216 0.0354 0.0469 0.0372 0.0299 0.0629 0.0367 0.0132 0.0077 0.0033 0.0039 0.0179 0.0347 0.0511 0.0456 0.0149 0.003 0.0008 0.0024 0.02 0.0337 0.0384 0.0474 0.0245 0.0102 0.0061 0.0075 0.0224 0.0506 0.0753 0.0517 0.0367 0.0289 0.0269 0.0227 0.0265 0.0557 0.0947 0.0507 0.0479 0.0649 0.0717 0.054 0.0342 0.0716 0.1012 0.0