n 66
m 4
tmax 7.5
-0.500 0.000 0 0.0 0.0692 0.0629 0.0699 0.0601 0.05 0.0582 0.0863 0.1154 0.0629 0.0446 0.0421 0.0408 0.0472 0.0362 0.0426 0.076 0.0422 0.0249 0.0239 0.0137 0.0075 0.0114 0.0135 0.0211 0.0322 0.0113 0.0086 0.0037 0.0025 0.0029 0.0036 0.0053 0.0418 0.0081 0.007 0.0081 0.0074 0.0074 0.0118 0.013 0.0534 0.0158 0.0132 0.0287 0.0333 0.0367 0.0546 0.0441 0.0587 0.0286 0.0243 0.0553 0.0869 0.0992 0.1416 0.124 0.0613 0.0357 0.0342 0.0757 0.1304 0.1381 0.1552 0.1924 0.004
-7.000 -7.000 35 0.0692 0.0 0.0098 0.0189 0.0519 0.0648 0.0696 0.0977 0.1246 0.0182 0.025 0.031 0.0573 0.0697 0.0741 0.1018 0.1639 0.0495 0.0536 0.0428 0.0533 0.0901 0.1374 0.1142 0.1295 0.0842 0.0806 0.0579 0.0631 0.0722 0.0762 0.1243 0.1587 0.1209 0.1067 0.0689 0.0595 0.0725 0.0742 0.0728 0.0841 0.1552 0.1492 0.0825 0.0633 0.087 0.0967 0.106 0.0914 0.1776 0.1955 0.1079 0.0728 0.1133 0.1554 0.1953 0.1684 0.1951 0.2264 0.1347 0.0851 0.1144 0.1889 0.2099 0.25 0.066
-7.000 -5.000 35 0.0629 0.0098 0.0 0.0144 0.0488 0.0595 0.0636 0.0925 0.119 0.0259 0.0122 0.0243 0.0532 0.0613 0.0666 0.0957 0.1581 0.056 0.0302 0.029 0.0512 0.1013 0.1201 0.0911 0.1196 0.0856 0.0464 0.0361 0.056 0.0676 0.0977 0.1516 0.1362 0.1168 0.0597 0.0364 0.0492 0.068 0.0689 0.0843 0.1268 0.1519 0.0828 0.0383 0.0462 0.0826 0.088 0.0967 0.093 0.1769 0.1146 0.0486 0.0466 0.1123 0.1489 0.1832 0.1439 0.1955 0.1355 0.0583 0.0473 0.1181 0.1901 0.2045 0.234 0.0612
-7.000 -3.000 35 0.0699 0.0189 0.0144 0.0 0.0284 0.0335 0.0369 0.0671 0.093 0.0398 0.0267 0.0293 0.0376 0.036 0.0414 0.0716 0.1338 0.0613 0.0374 0.0396 0.0566 0.0884 0.0677 0.0558 0.0991 0.0775 0.0457 0.0506 0.0656 0.0762 0.1084 0.1024 0.069 0.0968 0.052 0.0506 0.0659 0.0731 0.0792 0.106 0.1095 0.126 0.0639 0.0493 0.0694 0.0928 0.0873 0.1062 0.1151 0.1426 0.0834 0.0541 0.0748 0.1367 0.1471 0.1799 0.1417 0.1521 0.0947 0.0571 0.0762 0.164 0.195 0.2079 0.2195 0.0708
-7.000 -1.000 35 0.0601 0.0519 0.0488 0.0284 0.0 0.0061 0.0137 0.0483 0.0744 0.0743 0.0559 0.0363 0.013 0.008 0.0182 0.0525 0.1155 0.0827 0.0524 0.0447 0.0458 0.0462 0.0235 0.0381 0.0917 0.0846 0.0553 0.0581 0.0587 0.0609 0.0636 0.0383 0.0446 0.0956 0.0592 0.0593 0.061 0.062 0.0632 0.0586 0.0393 0.1219 0.0662 0.0585 0.0701 0.0819 0.077 0.0822 0.0619 0.1315 0.0818 0.0623 0.0861 0.131 0.1371 0.1587 0.1028 0.1362 0.0891 0.0645 0.0971 0.1744 0.1777 0.2023 0.179 0.0626
-7.000 1.000 35 0.05 0.0648 0.0595 0.0335 0.0061 0.0 0.0111 0.0493 0.0728 0.0804 0.0565 0.0317 0.0076 0.006 0.0187 0.056 0.1165 0.0761 0.0489 0.0444 0.0408 0.0256 0.0231 0.0516 0.1108 0.0799 0.0589 0.0639 0.053 0.0492 0.0402 0.0384 0.0677 0.0979 0.0691 0.0664 0.0575 0.0533 0.0426 0.0367 0.0437 0.1232 0.0729 0.0666 0.0742 0.07 0.0589 0.0547 0.0421 0.1289 0.0855 0.0724 0.1012 0.1172 0.1227 0.1232 0.0648 0.1309 0.089 0.0787 0.125 0.1694 0.1625 0.175 0.1237 0.0564
-7.000 3.000 35 0.0582 0.0696 0.0636 0.0369 0.0137 0.0111 0.0 0.0394 0.0544 0.0813 0.0578 0.0366 0.0177 0.0185 0.0236 0.0593 0.1037 0.0788 0.0607 0.0615 0.0596 0.0375 0.0376 0.0703 0.1325 0.0909 0.0748 0.08 0.0657 0.053 0.0487 0.0616 0.1045 0.11 0.075 0.0643 0.0609 0.0519 0.0453 0.0538 0.0786 0.1259 0.0713 0.0615 0.0736 0.0629 0.0578 0.0634 0.0685 0.1205 0.0785 0.0702 0.1017 0.1076 0.1275 0.1176 0.0764 0.119 0.0809 0.0835 0.1285 0.1576 0.1722 0.1653 0.1146 0.0583
-7.000 5.000 35 0.0863 0.0977 0.0925 0.0671 0.0483 0.0493 0.0394 0.0 0.011 0.1092 0.0885 0.0716 0.0564 0.0591 0.0577 0.0523 0.0451 0.1152 0.103 0.1047 0.0989 0.0716 0.0756 0.0997 0.0986 0.1297 0.1144 0.1113 0.0953 0.0819 0.0851 0.1042 0.1135 0.1433 0.1078 0.0997 0.0928 0.0786 0.0839 0.0986 0.1095 0.1577 0.1005 0.0971 0.1062 0.0915 0.1021 0.1048 0.1074 0.1495 0.1116 0.1101 0.1369 0.144 0.1758 0.1462 0.1141 0.1456 0.1167 0.1283 0.1689 0.2039 0.2172 0.187 0.1431 0.0821
-7.000 7.000 35 0.1154 0.1246 0.119 0.093 0.0744 0.0728 0.0544 0.011 0.0 0.1388 0.12 0.1051 0.0901 0.0913 0.083 0.0474 0.019 0.1576 0.1475 0.1469 0.1364 0.1066 0.1018 0.0877 0.0535 0.1745 0.1584 0.1506 0.1302 0.1086 0.1029 0.0899 0.0643 0.178 0.1404 0.1277 0.1145 0.0999 0.0956 0.0829 0.0617 0.1777 0.1234 0.1228 0.1269 0.1102 0.1096 0.0866 0.061 0.1653 0.1314 0.135 0.1591 0.1681 0.18 0.1179 0.0659 0.1604 0.1423 0.1565 0.2001 0.2313 0.2098 0.1472 0.0898 0.1071
-5.000 -7.000 35 0.0629 0.0182 0.0259 0.0398 0.0743 0.0804 0.0813 0.1092 0.1388 0.0 0.0268 0.0352 0.0536 0.0749 0.0796 0.1018 0.161 0.0299 0.0425 0.0439 0.0575 0.0772 0.1246 0.1382 0.1589 0.0632 0.0636 0.0521 0.0581 0.071 0.0727 0.0796 0.1002 0.0993 0.0887 0.0605 0.0524 0.0625 0.0686 0.0729 0.0732 0.1326 0.1332 0.0735 0.056 0.0777 0.0908 0.1075 0.0963 0.1541 0.1785 0.1016 0.0662 0.1013 0.152 0.192 0.186 0.1709 0.2068 0.1314 0.0805 0.1008 0.1714 0.204 0.2438 0.0573
-5.000 -5.000 25 0.0446 0.025 0.0122 0.0267 0.0559 0.0565 0.0578 0.0885 0.12 0.0268 0.0 0.0126 0.0351 0.0567 0.0617 0.0849 0.1452 0.0428 0.0175 0.0173 0.0338 0.0597 0.1117 0.1202 0.1389 0.0653 0.0323 0.0233 0.0384 0.0505 0.0512 0.0688 0.1006 0.0945 0.0453 0.0245 0.03 0.0476 0.0517 0.0526 0.0526 0.1294 0.0688 0.0277 0.0285 0.0604 0.0719 0.0858 0.0732 0.1543 0.1006 0.0395 0.0309 0.0868 0.1319 0.1733 0.1503 0.1723 0.1213 0.0504 0.0342 0.0887 0.1657 0.1862 0.2276 0.0404
-5.000 -3.000 25 0.0421 0.031 0.0243 0.0293 0.0363 0.0317 0.0366 0.0716 0.1051 0.0352 0.0126 0.0 0.0233 0.0416 0.0454 0.0694 0.1304 0.0454 0.0172 0.0147 0.0261 0.062 0.108 0.1022 0.1184 0.0527 0.0243 0.0272 0.0376 0.0415 0.0514 0.0916 0.1194 0.0716 0.0306 0.0276 0.038 0.0462 0.0415 0.0448 0.0621 0.1007 0.0422 0.0271 0.0417 0.0681 0.0634 0.07 0.0585 0.1156 0.0611 0.0326 0.0469 0.1098 0.1283 0.16 0.1182 0.124 0.0723 0.0362 0.0488 0.1303 0.177 0.1842 0.2089 0.0428
-5.000 -1.000 25 0.0408 0.0573 0.0532 0.0376 0.013 0.0076 0.0177 0.0564 0.0901 0.0536 0.0351 0.0233 0.0 0.0128 0.0179 0.0446 0.1074 0.0596 0.0353 0.0294 0.0291 0.0578 0.0659 0.0519 0.0765 0.0608 0.0387 0.0401 0.0382 0.0451 0.073 0.0906 0.0778 0.0772 0.0414 0.0394 0.0399 0.043 0.0482 0.0691 0.0855 0.0985 0.0464 0.0382 0.0496 0.0625 0.0588 0.0731 0.0777 0.1052 0.0606 0.0421 0.0657 0.1117 0.1177 0.148 0.1082 0.109 0.0666 0.0445 0.0767 0.1527 0.159 0.1812 0.1843 0.0404
-5.000 1.000 25 0.0472 0.0697 0.0613 0.036 0.008 0.006 0.0185 0.0591 0.0913 0.0749 0.0567 0.0416 0.0128 0.0 0.0108 0.0416 0.1059 0.0878 0.0667 0.0592 0.0463 0.0326 0.0189 0.0277 0.0676 0.094 0.0745 0.0702 0.052 0.0491 0.0427 0.0321 0.0337 0.1057 0.0703 0.0628 0.0545 0.0492 0.0419 0.0397 0.0317 0.1204 0.0673 0.0597 0.0707 0.0642 0.059 0.0599 0.0445 0.1191 0.0763 0.0653 0.0974 0.1111 0.1236 0.1328 0.0763 0.118 0.0786 0.0729 0.1209 0.1623 0.1626 0.182 0.1438 0.0518
-5.000 3.000 25 0.0362 0.0741 0.0666 0.0414 0.0182 0.0187 0.0236 0.0577 0.083 0.0796 0.0617 0.0454 0.0179 0.0108 0.0 0.0339 0.0966 0.1025 0.0831 0.0737 0.0561 0.0272 0.0123 0.03 0.0733 0.1059 0.0829 0.0697 0.0473 0.0327 0.0236 0.024 0.044 0.0998 0.0599 0.0509 0.0391 0.0283 0.0206 0.0216 0.028 0.1029 0.0508 0.0446 0.054 0.0398 0.0357 0.036 0.0272 0.0965 0.0587 0.0563 0.0841 0.0873 0.1079 0.0953 0.0439 0.0951 0.0643 0.0722 0.1127 0.1387 0.1529 0.1442 0.0906 0.0349
-5.000 5.000 25 0.0426 0.1018 0.0957 0.0716 0.0525 0.056 0.0593 0.0523 0.0474 0.1018 0.0849 0.0694 0.0446 0.0416 0.0339 0.0 0.0507 0.1293 0.1102 0.099 0.0794 0.0483 0.0322 0.0369 0.0605 0.1224 0.0959 0.0785 0.0548 0.0392 0.0348 0.0388 0.0546 0.1051 0.0667 0.0559 0.0443 0.0324 0.032 0.0342 0.0452 0.1021 0.0566 0.0548 0.0607 0.0456 0.0514 0.0425 0.0427 0.0986 0.0677 0.0709 0.0936 0.102 0.1259 0.0865 0.051 0.0992 0.0777 0.0907 0.1301 0.1627 0.1651 0.1281 0.0825 0.0377
-5.000 7.000 35 0.076 0.1639 0.1581 0.1338 0.1155 0.1165 0.1037 0.0451 0.019 0.161 0.1452 0.1304 0.1074 0.1059 0.0966 0.0507 0.0 0.186 0.1662 0.1526 0.1309 0.0973 0.0767 0.0572 0.0283 0.1648 0.1357 0.116 0.0918 0.0751 0.0636 0.0503 0.0342 0.1373 0.098 0.0855 0.0729 0.0599 0.0518 0.0427 0.0304 0.1281 0.0854 0.084 0.0861 0.0688 0.0672 0.0474 0.0295 0.1209 0.0948 0.1014 0.1225 0.1333 0.1384 0.0792 0.0349 0.1247 0.1086 0.1243 0.1719 0.195 0.1644 0.1083 0.0593 0.0679
-3.000 -7.000 35 0.0422 0.0495 0.056 0.0613 0.0827 0.0761 0.0788 0.1152 0.1576 0.0299 0.0428 0.0454 0.0596 0.0878 0.1025 0.1293 0.186 0.0 0.0308 0.0374 0.0523 0.0681 0.0986 0.1108 0.129 0.0324 0.0385 0.0365 0.0415 0.0522 0.056 0.0589 0.064 0.0689 0.0643 0.0427 0.0356 0.0443 0.048 0.0522 0.0541 0.1012 0.1121 0.0589 0.0423 0.0603 0.078 0.1 0.0878 0.1221 0.1541 0.0943 0.0536 0.0807 0.1393 0.1837 0.2009 0.1383 0.1781 0.127 0.0747 0.0818 0.1418 0.1894 0.2274 0.0373
-3.000 -5.000 25 0.0249 0.0536 0.0302 0.0374 0.0524 0.0489 0.0607 0.103 0.1475 0.0425 0.0175 0.0172 0.0353 0.0667 0.0831 0.1102 0.1662 0.0308 0.0 0.0107 0.03 0.0473 0.0793 0.0916 0.1103 0.0388 0.0139 0.0107 0.021 0.0339 0.038 0.0414 0.0477 0.0673 0.0277 0.0125 0.0129 0.0266 0.0319 0.037 0.039 0.103 0.0525 0.0171 0.0143 0.0432 0.0567 0.0765 0.0658 0.1278 0.0844 0.0307 0.0186 0.0646 0.1181 0.1626 0.164 0.1452 0.1051 0.0429 0.0244 0.0638 0.1394 0.1712 0.2128 0.0202
-3.000 -3.000 15 0.0239 0.0428 0.029 0.0396 0.0447 0.0444 0.0615 0.1047 0.1469 0.0439 0.0173 0.0147 0.0294 0.0592 0.0737 0.099 0.1526 0.0374 0.0107 0.0 0.0194 0.0351 0.0672 0.0784 0.0969 0.0372 0.0116 0.0096 0.0191 0.0282 0.0292 0.0323 0.0397 0.0539 0.0157 0.0095 0.0164 0.0276 0.0288 0.0311 0.0308 0.0803 0.0259 0.0094 0.0197 0.048 0.0548 0.066 0.0546 0.0921 0.0437 0.0156 0.0245 0.0848 0.1164 0.1566 0.1362 0.0992 0.0543 0.0194 0.027 0.0971 0.1591 0.1707 0.2105 0.0223
-3.000 -1.000 15 0.0137 0.0533 0.0512 0.0566 0.0458 0.0408 0.0596 0.0989 0.1364 0.0575 0.0338 0.0261 0.0291 0.0463 0.0561 0.0794 0.1309 0.0523 0.03 0.0194 0.0 0.017 0.0509 0.0608 0.0796 0.0478 0.0247 0.019 0.0134 0.012 0.0119 0.0196 0.031 0.0576 0.021 0.0165 0.0171 0.0177 0.0124 0.0132 0.0138 0.0741 0.0241 0.0162 0.0289 0.0422 0.0359 0.0448 0.031 0.0771 0.0374 0.0212 0.046 0.0933 0.1004 0.1323 0.0925 0.0809 0.043 0.0247 0.0576 0.1311 0.1455 0.1592 0.1794 0.016
-3.000 1.000 15 0.0075 0.0901 0.1013 0.0884 0.0462 0.0256 0.0375 0.0716 0.1066 0.0772 0.0597 0.062 0.0578 0.0326 0.0272 0.0483 0.0973 0.0681 0.0473 0.0351 0.017 0.0 0.0284 0.034 0.0529 0.057 0.0337 0.0247 0.0119 0.0043 0.0098 0.0212 0.0295 0.0597 0.0234 0.0171 0.0144 0.0066 0.0057 0.0093 0.0147 0.0683 0.0232 0.0187 0.0335 0.025 0.0257 0.0305 0.0214 0.0689 0.0344 0.0295 0.0625 0.0753 0.0902 0.1095 0.0595 0.0706 0.0405 0.0415 0.0879 0.1274 0.128 0.1524 0.1354 0.0087
-3.000 3.000 15 0.0114 0.1374 0.1201 0.0677 0.0235 0.0231 0.0376 0.0756 0.1018 0.1246 0.1117 0.108 0.0659 0.0189 0.0123 0.0322 0.0767 0.0986 0.0793 0.0672 0.0509 0.0284 0.0 0.0107 0.0342 0.0714 0.0473 0.0363 0.0213 0.0113 0.0079 0.009 0.0136 0.0622 0.0263 0.0201 0.0156 0.0083 0.0055 0.0086 0.0089 0.0638 0.0224 0.0254 0.0364 0.0236 0.0238 0.0259 0.0147 0.066 0.0385 0.0425 0.0698 0.0759 0.0986 0.0902 0.0383 0.07 0.0505 0.0619 0.1015 0.1286 0.1429 0.1387 0.0923 0.0113
-3.000 5.000 25 0.0135 0.1142 0.0911 0.0558 0.0381 0.0516 0.0703 0.0997 0.0877 0.1382 0.1202 0.1022 0.0519 0.0277 0.03 0.0369 0.0572 0.1108 0.0916 0.0784 0.0608 0.034 0.0107 0.0 0.0226 0.0731 0.049 0.0377 0.0229 0.0132 0.0082 0.0061 0.0112 0.0594 0.0259 0.0219 0.0181 0.0087 0.0075 0.0058 0.0076 0.0646 0.029 0.0337 0.0408 0.0273 0.0313 0.0178 0.0101 0.0714 0.0496 0.0563 0.0803 0.0922 0.1078 0.0654 0.0233 0.08 0.0659 0.0813 0.1257 0.1536 0.1447 0.108 0.0593 0.0119
-3.000 7.000 35 0.0211 0.1295 0.1196 0.0991 0.0917 0.1108 0.1325 0.0986 0.0535 0.1589 0.1389 0.1184 0.0765 0.0676 0.0733 0.0605 0.0283 0.129 0.1103 0.0969 0.0796 0.0529 0.0342 0.0226 0.0 0.0806 0.0569 0.0458 0.0316 0.0226 0.0172 0.0113 0.0063 0.0626 0.0311 0.0285 0.0243 0.0148 0.0118 0.0085 0.0051 0.0695 0.0372 0.0428 0.0475 0.0393 0.0351 0.0171 0.0062 0.0807 0.0617 0.0706 0.0993 0.1142 0.1086 0.0504 0.0132 0.0918 0.0834 0.1098 0.1615 0.1713 0.1299 0.0798 0.0392 0.0171
-1.000 -7.000 35 0.0322 0.0842 0.0856 0.0775 0.0846 0.0799 0.0909 0.1297 0.1745 0.0632 0.0653 0.0527 0.0608 0.094 0.1059 0.1224 0.1648 0.0324 0.0388 0.0372 0.0478 0.057 0.0714 0.0731 0.0806 0.0 0.0282 0.03 0.0304 0.036 0.0366 0.0362 0.0372 0.0373 0.0499 0.0381 0.0318 0.0403 0.0441 0.0476 0.048 0.0674 0.0944 0.0616 0.0414 0.0597 0.0844 0.1193 0.1126 0.0874 0.1257 0.1009 0.0636 0.0758 0.1384 0.1864 0.2251 0.1029 0.1428 0.1254 0.0901 0.0869 0.1255 0.1792 0.2243 0.0315
-1.000 -5.000 25 0.0113 0.0806 0.0464 0.0457 0.0553 0.0589 0.0748 0.1144 0.1584 0.0636 0.0323 0.0243 0.0387 0.0745 0.0829 0.0959 0.1357 0.0385 0.0139 0.0116 0.0247 0.0337 0.0473 0.049 0.0569 0.0282 0.0 0.0051 0.0094 0.017 0.0184 0.0188 0.0203 0.0501 0.0154 0.0067 0.0064 0.0181 0.0226 0.0268 0.0279 0.0826 0.0418 0.0126 0.0084 0.0356 0.0595 0.0906 0.0817 0.1056 0.0733 0.0288 0.0144 0.0537 0.1151 0.1638 0.1951 0.1217 0.0935 0.0423 0.023 0.0488 0.1143 0.1643 0.2045 0.0097
-1.000 -3.000 15 0.0086 0.0579 0.0361 0.0506 0.0581 0.0639 0.08 0.1113 0.1506 0.0521 0.0233 0.0272 0.0401 0.0702 0.0697 0.0785 0.116 0.0365 0.0107 0.0096 0.019 0.0247 0.0363 0.0377 0.0458 0.03 0.0051 0.0 0.006 0.0134 0.0144 0.0147 0.0162 0.0464 0.0071 0.0016 0.0042 0.0159 0.0187 0.0225 0.0232 0.0655 0.0169 0.003 0.0088 0.0374 0.0537 0.0778 0.0664 0.0745 0.034 0.0101 0.0137 0.0678 0.1162 0.1612 0.174 0.0815 0.0444 0.0143 0.0175 0.0724 0.1433 0.1683 0.2077 0.0081
-1.000 -1.000 5 0.0037 0.0631 0.056 0.0656 0.0587 0.053 0.0657 0.0953 0.1302 0.0581 0.0384 0.0376 0.0382 0.052 0.0473 0.0548 0.0918 0.0415 0.021 0.0191 0.0134 0.0119 0.0213 0.0229 0.0316 0.0304 0.0094 0.006 0.0 0.0059 0.0061 0.0064 0.0081 0.0433 0.0071 0.0038 0.0061 0.0115 0.0111 0.0143 0.0146 0.0547 0.0111 0.0063 0.0203 0.0383 0.0408 0.0584 0.0466 0.0597 0.0252 0.013 0.0381 0.0879 0.1062 0.1469 0.1348 0.0637 0.0311 0.0179 0.0498 0.1188 0.1494 0.1609 0.2007 0.0062
-1.000 1.000 5 0.0025 0.0722 0.0676 0.0762 0.0609 0.0492 0.053 0.0819 0.1086 0.071 0.0505 0.0415 0.0451 0.0491 0.0327 0.0392 0.0751 0.0522 0.0339 0.0282 0.012 0.0043 0.0113 0.0132 0.0226 0.036 0.017 0.0134 0.0059 0.0 0.0009 0.0021 0.0042 0.0456 0.0121 0.0108 0.0111 0.0046 0.0037 0.0074 0.0078 0.0565 0.019 0.0203 0.034 0.0259 0.0288 0.0395 0.0293 0.062 0.035 0.0356 0.0649 0.0788 0.0928 0.1256 0.0882 0.0666 0.0443 0.0502 0.0915 0.1296 0.1292 0.1554 0.1696 0.005
-1.000 3.000 15 0.0029 0.0762 0.0977 0.1084 0.0636 0.0402 0.0487 0.0851 0.1029 0.0727 0.0512 0.0514 0.073 0.0427 0.0236 0.0348 0.0636 0.056 0.038 0.0292 0.0119 0.0098 0.0079 0.0082 0.0172 0.0366 0.0184 0.0144 0.0061 0.0009 0.0 0.0015 0.0036 0.0454 0.0143 0.0143 0.013 0.0037 0.0026 0.0046 0.0048 0.0601 0.027 0.0309 0.0388 0.024 0.0266 0.0283 0.0174 0.07 0.048 0.0523 0.0755 0.0824 0.1046 0.0998 0.0515 0.0773 0.0624 0.0751 0.1116 0.1351 0.147 0.1462 0.1146 0.0049
-1.000 5.000 25 0.0036 0.1243 0.1516 0.1024 0.0383 0.0384 0.0616 0.1042 0.0899 0.0796 0.0688 0.0916 0.0906 0.0321 0.024 0.0388 0.0503 0.0589 0.0414 0.0323 0.0196 0.0212 0.009 0.0061 0.0113 0.0362 0.0188 0.0147 0.0064 0.0021 0.0015 0.0 0.002 0.0455 0.0165 0.0173 0.0153 0.0063 0.0048 0.0024 0.0022 0.0655 0.0353 0.0404 0.0461 0.0348 0.0343 0.0175 0.0078 0.0802 0.0617 0.0709 0.0962 0.11 0.1114 0.0681 0.0251 0.0917 0.0837 0.1068 0.1536 0.1662 0.1432 0.11 0.065 0.0061
-1.000 7.000 35 0.0053 0.1587 0.1362 0.069 0.0446 0.0677 0.1045 0.1135 0.0643 0.1002 0.1006 0.1194 0.0778 0.0337 0.044 0.0546 0.0342 0.064 0.0477 0.0397 0.031 0.0295 0.0136 0.0112 0.0063 0.0372 0.0203 0.0162 0.0081 0.0042 0.0036 0.002 0.0 0.0471 0.0196 0.021 0.0184 0.0097 0.0073 0.0026 0.0008 0.0728 0.0448 0.0511 0.0574 0.0491 0.0365 0.0127 0.0032 0.0937 0.0795 0.0947 0.1287 0.1349 0.1065 0.0453 0.0113 0.115 0.1175 0.1521 0.1908 0.1719 0.1182 0.0737 0.0385 0.0084
1.000 -7.000 35 0.0418 0.1209 0.1168 0.0968 0.0956 0.0979 0.11 0.1433 0.178 0.0993 0.0945 0.0716 0.0772 0.1057 0.0998 0.1051 0.1373 0.0689 0.0673 0.0539 0.0576 0.0597 0.0622 0.0594 0.0626 0.0373 0.0501 0.0464 0.0433 0.0456 0.0454 0.0455 0.0471 0.0 0.0458 0.047 0.0405 0.0508 0.0604 0.0699 0.0759 0.0277 0.0607 0.0637 0.0538 0.0731 0.1055 0.1566 0.1674 0.0483 0.0768 0.0845 0.0717 0.0866 0.1507 0.203 0.2489 0.0636 0.0914 0.0905 0.0838 0.0927 0.1202 0.1662 0.2214 0.043
1.000 -5.000 25 0.0081 0.1067 0.0597 0.052 0.0592 0.0691 0.075 0.1078 0.1404 0.0887 0.0453 0.0306 0.0414 0.0703 0.0599 0.0667 0.098 0.0643 0.0277 0.0157 0.021 0.0234 0.0263 0.0259 0.0311 0.0499 0.0154 0.0071 0.0071 0.0121 0.0143 0.0165 0.0196 0.0458 0.0 0.0045 0.0041 0.0192 0.0308 0.0419 0.0488 0.0575 0.0273 0.0123 0.0089 0.0353 0.0696 0.1204 0.129 0.0759 0.0564 0.0301 0.0167 0.0447 0.1144 0.1677 0.2142 0.0905 0.0752 0.0423 0.0277 0.0439 0.0885 0.1439 0.1961 0.0088
1.000 -3.000 15 0.007 0.0689 0.0364 0.0506 0.0593 0.0664 0.0643 0.0997 0.1277 0.0605 0.0245 0.0276 0.0394 0.0628 0.0509 0.0559 0.0855 0.0427 0.0125 0.0095 0.0165 0.0171 0.0201 0.0219 0.0285 0.0381 0.0067 0.0016 0.0038 0.0108 0.0143 0.0173 0.021 0.047 0.0045 0.0 0.0025 0.0199 0.031 0.0419 0.0484 0.0552 0.0136 0.0023 0.0057 0.0365 0.0682 0.1149 0.119 0.0629 0.0286 0.0098 0.0099 0.0544 0.1196 0.1693 0.2117 0.0685 0.038 0.0139 0.0149 0.0528 0.114 0.1647 0.2056 0.0082
1.000 -1.000 5 0.0081 0.0595 0.0492 0.0659 0.061 0.0575 0.0609 0.0928 0.1145 0.0524 0.03 0.038 0.0399 0.0545 0.0391 0.0443 0.0729 0.0356 0.0129 0.0164 0.0171 0.0144 0.0156 0.0181 0.0243 0.0318 0.0064 0.0042 0.0061 0.0111 0.013 0.0153 0.0184 0.0405 0.0041 0.0025 0.0 0.0167 0.0244 0.0343 0.0399 0.0514 0.0126 0.0057 0.0146 0.0375 0.0596 0.0989 0.0975 0.0536 0.0219 0.0121 0.0309 0.0791 0.1173 0.1637 0.1934 0.0537 0.0265 0.0168 0.0418 0.0992 0.1462 0.164 0.2054 0.007
1.000 1.000 5 0.0074 0.0725 0.068 0.0731 0.062 0.0533 0.0519 0.0786 0.0999 0.0625 0.0476 0.0462 0.043 0.0492 0.0283 0.0324 0.0599 0.0443 0.0266 0.0276 0.0177 0.0066 0.0083 0.0087 0.0148 0.0403 0.0181 0.0159 0.0115 0.0046 0.0037 0.0063 0.0097 0.0508 0.0192 0.0199 0.0167 0.0 0.008 0.0196 0.0254 0.0673 0.0323 0.0303 0.0357 0.0239 0.0362 0.0675 0.0634 0.0706 0.0448 0.0449 0.0651 0.0788 0.0942 0.1446 0.1467 0.0719 0.0534 0.0586 0.0917 0.1257 0.1272 0.1498 0.1918 0.007
1.000 3.000 15 0.0074 0.0742 0.0689 0.0792 0.0632 0.0426 0.0453 0.0839 0.0956 0.0686 0.0517 0.0415 0.0482 0.0419 0.0206 0.032 0.0518 0.048 0.0319 0.0288 0.0124 0.0057 0.0055 0.0075 0.0118 0.0441 0.0226 0.0187 0.0111 0.0037 0.0026 0.0048 0.0073 0.0604 0.0308 0.031 0.0244 0.008 0.0 0.0109 0.0151 0.084 0.0512 0.0507 0.052 0.033 0.0315 0.0405 0.0346 0.0918 0.0699 0.0738 0.0943 0.096 0.1098 0.1158 0.0862 0.0974 0.0856 0.0989 0.133 0.1429 0.1462 0.1512 0.1505 0.0115
1.000 5.000 25 0.0118 0.0728 0.0843 0.106 0.0586 0.0367 0.0538 0.0986 0.0829 0.0729 0.0526 0.0448 0.0691 0.0397 0.0216 0.0342 0.0427 0.0522 0.037 0.0311 0.0132 0.0093 0.0086 0.0058 0.0085 0.0476 0.0268 0.0225 0.0143 0.0074 0.0046 0.0024 0.0026 0.0699 0.0419 0.0419 0.0343 0.0196 0.0109 0.0 0.0038 0.1043 0.0739 0.076 0.0786 0.0624 0.0438 0.0178 0.0107 0.1224 0.1064 0.1177 0.1438 0.1413 0.1143 0.0711 0.0326 0.1414 0.1405 0.1668 0.1899 0.1741 0.1357 0.1099 0.0761 0.0192
1.000 7.000 35 0.013 0.0841 0.1268 0.1095 0.0393 0.0437 0.0786 0.1095 0.0617 0.0732 0.0526 0.0621 0.0855 0.0317 0.028 0.0452 0.0304 0.0541 0.039 0.0308 0.0138 0.0147 0.0089 0.0076 0.0051 0.048 0.0279 0.0232 0.0146 0.0078 0.0048 0.0022 0.0008 0.0759 0.0488 0.0484 0.0399 0.0254 0.0151 0.0038 0.0 0.1211 0.0926 0.0962 0.099 0.0817 0.0508 0.0123 0.0027 0.1528 0.1415 0.1568 0.1805 0.1591 0.1051 0.0423 0.012 0.187 0.1906 0.211 0.2096 0.155 0.1039 0.0689 0.0403 0.0227
3.000 -7.000 35 0.0534 0.1552 0.1519 0.126 0.1219 0.1232 0.1259 0.1577 0.1777 0.1326 0.1294 0.1007 0.0985 0.1204 0.1029 0.1021 0.1281 0.1012 0.103 0.0803 0.0741 0.0683 0.0638 0.0646 0.0695 0.0674 0.0826 0.0655 0.0547 0.0565 0.0601 0.0655 0.0728 0.0277 0.0575 0.0552 0.0514 0.0673 0.084 0.1043 0.1211 0.0 0.0367 0.0571 0.0552 0.0765 0.1187 0.1869 0.2196 0.022 0.0383 0.0502 0.0527 0.0746 0.1405 0.1976 0.2473 0.0364 0.0548 0.056 0.0511 0.0663 0.0895 0.1231 0.1744 0.0542
3.000 -5.000 25 0.0158 0.1492 0.0828 0.0639 0.0662 0.0729 0.0713 0.1005 0.1234 0.1332 0.0688 0.0422 0.0464 0.0673 0.0508 0.0566 0.0854 0.1121 0.0525 0.0259 0.0241 0.0232 0.0224 0.029 0.0372 0.0944 0.0418 0.0169 0.0111 0.019 0.027 0.0353 0.0448 0.0607 0.0273 0.0136 0.0126 0.0323 0.0512 0.0739 0.0926 0.0367 0.0 0.0149 0.0145 0.0402 0.0846 0.1545 0.187 0.0401 0.0241 0.0207 0.0191 0.0435 0.1116 0.1687 0.2181 0.0516 0.0426 0.0273 0.0222 0.0393 0.0668 0.1063 0.1602 0.0165
3.000 -3.000 15 0.0132 0.0825 0.0383 0.0493 0.0585 0.0666 0.0615 0.0971 0.1228 0.0735 0.0277 0.0271 0.0382 0.0597 0.0446 0.0548 0.084 0.0589 0.0171 0.0094 0.0162 0.0187 0.0254 0.0337 0.0428 0.0616 0.0126 0.003 0.0063 0.0203 0.0309 0.0404 0.0511 0.0637 0.0123 0.0023 0.0057 0.0303 0.0507 0.076 0.0962 0.0571 0.0149 0.0 0.0044 0.0365 0.0825 0.1535 0.1844 0.0494 0.0195 0.0063 0.0065 0.0402 0.1111 0.1675 0.2162 0.0513 0.0268 0.0095 0.0118 0.036 0.075 0.122 0.1755 0.015
3.000 -1.000 15 0.0287 0.0633 0.0462 0.0694 0.0701 0.0742 0.0736 0.1062 0.1269 0.056 0.0285 0.0417 0.0496 0.0707 0.054 0.0607 0.0861 0.0423 0.0143 0.0197 0.0289 0.0335 0.0364 0.0408 0.0475 0.0414 0.0084 0.0088 0.0203 0.034 0.0388 0.0461 0.0574 0.0538 0.0089 0.0057 0.0146 0.0357 0.052 0.0786 0.099 0.0552 0.0145 0.0044 0.0 0.0352 0.0781 0.1479 0.175 0.0461 0.0167 0.0069 0.0141 0.0533 0.1141 0.1645 0.2102 0.0414 0.0182 0.0106 0.0249 0.0615 0.108 0.1458 0.1877 0.0266
3.000 1.000 15 0.0333 0.087 0.0826 0.0928 0.0819 0.07 0.0629 0.0915 0.1102 0.0777 0.0604 0.0681 0.0625 0.0642 0.0398 0.0456 0.0688 0.0603 0.0432 0.048 0.0422 0.025 0.0236 0.0273 0.0393 0.0597 0.0356 0.0374 0.0383 0.0259 0.024 0.0348 0.0491 0.0731 0.0353 0.0365 0.0375 0.0239 0.033 0.0624 0.0817 0.0765 0.0402 0.0365 0.0352 0.0 0.0436 0.1143 0.1367 0.0692 0.0442 0.0412 0.0507 0.055 0.0794 0.1285 0.1719 0.0634 0.0476 0.0512 0.0731 0.0928 0.1008 0.1202 0.1587 0.0324
3.000 3.000 15 0.0367 0.0967 0.088 0.0873 0.077 0.0589 0.0578 0.1021 0.1096 0.0908 0.0719 0.0634 0.0588 0.059 0.0357 0.0514 0.0672 0.078 0.0567 0.0548 0.0359 0.0257 0.0238 0.0313 0.0351 0.0844 0.0595 0.0537 0.0408 0.0288 0.0266 0.0343 0.0365 0.1055 0.0696 0.0682 0.0596 0.0362 0.0315 0.0438 0.0508 0.1187 0.0846 0.0825 0.0781 0.0436 0.0 0.061 0.0736 0.1172 0.0959 0.0972 0.1061 0.0841 0.0648 0.0932 0.1142 0.1174 0.1079 0.1163 0.125 0.1058 0.0894 0.1009 0.1327 0.0414
3.000 5.000 25 0.0546 0.106 0.0967 0.1062 0.0822 0.0547 0.0634 0.1048 0.0866 0.1075 0.0858 0.07 0.0731 0.0599 0.036 0.0425 0.0474 0.1 0.0765 0.066 0.0448 0.0305 0.0259 0.0178 0.0171 0.1193 0.0906 0.0778 0.0584 0.0395 0.0283 0.0175 0.0127 0.1566 0.1204 0.1149 0.0989 0.0675 0.0405 0.0178 0.0123 0.1869 0.1545 0.1535 0.1479 0.1143 0.061 0.0 0.0141 0.1945 0.1758 0.1789 0.1842 0.1461 0.0896 0.051 0.0379 0.1992 0.19 0.1908 0.1756 0.1313 0.0937 0.0815 0.0761 0.0711
3.000 7.000 35 0.0441 0.0914 0.093 0.1151 0.0619 0.0421 0.0685 0.1074 0.061 0.0963 0.0732 0.0585 0.0777 0.0445 0.0272 0.0427 0.0295 0.0878 0.0658 0.0546 0.031 0.0214 0.0147 0.0101 0.0062 0.1126 0.0817 0.0664 0.0466 0.0293 0.0174 0.0078 0.0032 0.1674 0.129 0.119 0.0975 0.0634 0.0346 0.0107 0.0027 0.2196 0.187 0.1844 0.175 0.1367 0.0736 0.0141 0.0 0.2345 0.2152 0.2156 0.2134 0.1624 0.0942 0.0374 0.0117 0.2334 0.2173 0.2042 0.1706 0.1189 0.0848 0.0614 0.0409 0.0649
5.000 -7.000 35 0.0587 0.1776 0.1769 0.1426 0.1315 0.1289 0.1205 0.1495 0.1653 0.1541 0.1543 0.1156 0.1052 0.1191 0.0965 0.0986 0.1209 0.1221 0.1278 0.0921 0.0771 0.0689 0.066 0.0714 0.0807 0.0874 0.1056 0.0745 0.0597 0.062 0.07 0.0802 0.0937 0.0483 0.0759 0.0629 0.0536 0.0706 0.0918 0.1224 0.1528 0.022 0.0401 0.0494 0.0461 0.0692 0.1172 0.1945 0.2345 0.0 0.0263 0.0388 0.0375 0.0533 0.112 0.1604 0.2018 0.0108 0.0272 0.0414 0.0437 0.0557 0.0686 0.086 0.1201 0.0588
5.000 -5.000 25 0.0286 0.1955 0.1146 0.0834 0.0818 0.0855 0.0785 0.1116 0.1314 0.1785 0.1006 0.0611 0.0606 0.0763 0.0587 0.0677 0.0948 0.1541 0.0844 0.0437 0.0374 0.0344 0.0385 0.0496 0.0617 0.1257 0.0733 0.034 0.0252 0.035 0.048 0.0617 0.0795 0.0768 0.0564 0.0286 0.0219 0.0448 0.0699 0.1064 0.1415 0.0383 0.0241 0.0195 0.0167 0.0442 0.0959 0.1758 0.2152 0.0263 0.0 0.0101 0.0103 0.0297 0.0911 0.1401 0.1815 0.0261 0.02 0.0162 0.016 0.03 0.0455 0.066 0.1028 0.03
5.000 -3.000 25 0.0243 0.1079 0.0486 0.0541 0.0623 0.0724 0.0702 0.1101 0.135 0.1016 0.0395 0.0326 0.0421 0.0653 0.0563 0.0709 0.1014 0.0943 0.0307 0.0156 0.0212 0.0295 0.0425 0.0563 0.0706 0.1009 0.0288 0.0101 0.013 0.0356 0.0523 0.0709 0.0947 0.0845 0.0301 0.0098 0.0121 0.0449 0.0738 0.1177 0.1568 0.0502 0.0207 0.0063 0.0069 0.0412 0.0972 0.1789 0.2156 0.0388 0.0101 0.0 0.0033 0.0283 0.0921 0.1407 0.1815 0.0324 0.0153 0.0045 0.0081 0.0257 0.0448 0.0691 0.1086 0.0261
5.000 -1.000 25 0.0553 0.0728 0.0466 0.0748 0.0861 0.1012 0.1017 0.1369 0.1591 0.0662 0.0309 0.0469 0.0657 0.0974 0.0841 0.0936 0.1225 0.0536 0.0186 0.0245 0.046 0.0625 0.0698 0.0803 0.0993 0.0636 0.0144 0.0137 0.0381 0.0649 0.0755 0.0962 0.1287 0.0717 0.0167 0.0099 0.0309 0.0651 0.0943 0.1438 0.1805 0.0527 0.0191 0.0065 0.0141 0.0507 0.1061 0.1842 0.2134 0.0375 0.0103 0.0033 0.0 0.0313 0.0942 0.1395 0.1778 0.0304 0.0144 0.0078 0.0129 0.0293 0.0506 0.0779 0.1183 0.0521
5.000 1.000 25 0.0869 0.1133 0.1123 0.1367 0.131 0.1172 0.1076 0.144 0.1681 0.1013 0.0868 0.1098 0.1117 0.1111 0.0873 0.102 0.1333 0.0807 0.0646 0.0848 0.0933 0.0753 0.0759 0.0922 0.1142 0.0758 0.0537 0.0678 0.0879 0.0788 0.0824 0.11 0.1349 0.0866 0.0447 0.0544 0.0791 0.0788 0.096 0.1413 0.1591 0.0746 0.0435 0.0402 0.0533 0.055 0.0841 0.1461 0.1624 0.0533 0.0297 0.0283 0.0313 0.0 0.0541 0.0938 0.1296 0.0489 0.0368 0.0347 0.0339 0.0273 0.0374 0.0601 0.0963 0.085
5.000 3.000 25 0.0992 0.1554 0.1489 0.1471 0.1371 0.1227 0.1275 0.1758 0.18 0.152 0.1319 0.1283 0.1177 0.1236 0.1079 0.1259 0.1384 0.1393 0.1181 0.1164 0.1004 0.0902 0.0986 0.1078 0.1086 0.1384 0.1151 0.1162 0.1062 0.0928 0.1046 0.1114 0.1065 0.1507 0.1144 0.1196 0.1173 0.0942 0.1098 0.1143 0.1051 0.1405 0.1116 0.1111 0.1141 0.0794 0.0648 0.0896 0.0942 0.112 0.0911 0.0921 0.0942 0.0541 0.0 0.0415 0.078 0.0981 0.0851 0.0784 0.0639 0.0365 0.0224 0.0348 0.0668 0.1028
5.000 5.000 25 0.1416 0.1953 0.1832 0.1799 0.1587 0.1232 0.1176 0.1462 0.1179 0.192 0.1733 0.16 0.148 0.1328 0.0953 0.0865 0.0792 0.1837 0.1626 0.1566 0.1323 0.1095 0.0902 0.0654 0.0504 0.1864 0.1638 0.1612 0.1469 0.1256 0.0998 0.0681 0.0453 0.203 0.1677 0.1693 0.1637 0.1446 0.1158 0.0711 0.0423 0.1976 0.1687 0.1675 0.1645 0.1285 0.0932 0.051 0.0374 0.1604 0.1401 0.1407 0.1395 0.0938 0.0415 0.0 0.0334 0.1289 0.1126 0.1004 0.0787 0.0496 0.0328 0.0287 0.0453 0.1492
5.000 7.000 35 0.124 0.1684 0.1439 0.1417 0.1028 0.0648 0.0764 0.1141 0.0659 0.186 0.1503 0.1182 0.1082 0.0763 0.0439 0.051 0.0349 0.2009 0.164 0.1362 0.0925 0.0595 0.0383 0.0233 0.0132 0.2251 0.1951 0.174 0.1348 0.0882 0.0515 0.0251 0.0113 0.2489 0.2142 0.2117 0.1934 0.1467 0.0862 0.0326 0.012 0.2473 0.2181 0.2162 0.2102 0.1719 0.1142 0.0379 0.0117 0.2018 0.1815 0.1815 0.1778 0.1296 0.078 0.0334 0.0 0.1533 0.1353 0.121 0.0985 0.0732 0.0593 0.0437 0.0268 0.1548
7.000 -7.000 35 0.0613 0.1951 0.1955 0.1521 0.1362 0.1309 0.119 0.1456 0.1604 0.1709 0.1723 0.124 0.109 0.118 0.0951 0.0992 0.1247 0.1383 0.1452 0.0992 0.0809 0.0706 0.07 0.08 0.0918 0.1029 0.1217 0.0815 0.0637 0.0666 0.0773 0.0917 0.115 0.0636 0.0905 0.0685 0.0537 0.0719 0.0974 0.1414 0.187 0.0364 0.0516 0.0513 0.0414 0.0634 0.1174 0.1992 0.2334 0.0108 0.0261 0.0324 0.0304 0.0489 0.0981 0.1289 0.1533 0.0 0.0069 0.0182 0.0236 0.0359 0.044 0.0525 0.0765 0.0599
7.000 -5.000 35 0.0357 0.2264 0.1355 0.0947 0.0891 0.089 0.0809 0.1167 0.1423 0.2068 0.1213 0.0723 0.0666 0.0786 0.0643 0.0777 0.1086 0.1781 0.1051 0.0543 0.043 0.0405 0.0505 0.0659 0.0834 0.1428 0.0935 0.0444 0.0311 0.0443 0.0624 0.0837 0.1175 0.0914 0.0752 0.038 0.0265 0.0534 0.0856 0.1405 0.1906 0.0548 0.0426 0.0268 0.0182 0.0476 0.1079 0.19 0.2173 0.0272 0.02 0.0153 0.0144 0.0368 0.0851 0.1126 0.1353 0.0069 0.0 0.0088 0.0135 0.0261 0.034 0.0425 0.0669 0.0367
7.000 -3.000 35 0.0342 0.1347 0.0583 0.0571 0.0645 0.0787 0.0835 0.1283 0.1565 0.1314 0.0504 0.0362 0.0445 0.0729 0.0722 0.0907 0.1243 0.127 0.0429 0.0194 0.0247 0.0415 0.0619 0.0813 0.1098 0.1254 0.0423 0.0143 0.0179 0.0502 0.0751 0.1068 0.1521 0.0905 0.0423 0.0139 0.0168 0.0586 0.0989 0.1668 0.211 0.056 0.0273 0.0095 0.0106 0.0512 0.1163 0.1908 0.2042 0.0414 0.0162 0.0045 0.0078 0.0347 0.0784 0.1004 0.121 0.0182 0.0088 0.0 0.007 0.0206 0.0281 0.0369 0.0619 0.0358
7.000 -1.000 35 0.0757 0.0851 0.0473 0.0762 0.0971 0.125 0.1285 0.1689 0.2001 0.0805 0.0342 0.0488 0.0767 0.1209 0.1127 0.1301 0.1719 0.0747 0.0244 0.027 0.0576 0.0879 0.1015 0.1257 0.1615 0.0901 0.023 0.0175 0.0498 0.0915 0.1116 0.1536 0.1908 0.0838 0.0277 0.0149 0.0418 0.0917 0.133 0.1899 0.2096 0.0511 0.0222 0.0118 0.0249 0.0731 0.125 0.1756 0.1706 0.0437 0.016 0.0081 0.0129 0.0339 0.0639 0.0787 0.0985 0.0236 0.0135 0.007 0.0 0.012 0.0179 0.0268 0.0525 0.0725
7.000 1.000 35 0.1304 0.1144 0.1181 0.164 0.1744 0.1694 0.1576 0.2039 0.2313 0.1008 0.0887 0.1303 0.1527 0.1623 0.1387 0.1627 0.195 0.0818 0.0638 0.0971 0.1311 0.1274 0.1286 0.1536 0.1713 0.0869 0.0488 0.0724 0.1188 0.1296 0.1351 0.1662 0.1719 0.0927 0.0439 0.0528 0.0992 0.1257 0.1429 0.1741 0.155 0.0663 0.0393 0.036 0.0615 0.0928 0.1058 0.1313 0.1189 0.0557 0.03 0.0257 0.0293 0.0273 0.0365 0.0496 0.0732 0.0359 0.0261 0.0206 0.012 0.0 0.0063 0.0172 0.0445 0.1229
7.000 3.000 35 0.1381 0.1889 0.1901 0.195 0.1777 0.1625 0.1722 0.2172 0.2098 0.1714 0.1657 0.177 0.159 0.1626 0.1529 0.1651 0.1644 0.1418 0.1394 0.1591 0.1455 0.128 0.1429 0.1447 0.1299 0.1255 0.1143 0.1433 0.1494 0.1292 0.147 0.1432 0.1182 0.1202 0.0885 0.114 0.1462 0.1272 0.1462 0.1357 0.1039 0.0895 0.0668 0.075 0.108 0.1008 0.0894 0.0937 0.0848 0.0686 0.0455 0.0448 0.0506 0.0374 0.0224 0.0328 0.0593 0.044 0.034 0.0281 0.0179 0.0063 0.0 0.0132 0.0415 0.1411
7.000 5.000 35 0.1552 0.2099 0.2045 0.2079 0.2023 0.175 0.1653 0.187 0.1472 0.204 0.1862 0.1842 0.1812 0.182 0.1442 0.1281 0.1083 0.1894 0.1712 0.1707 0.1592 0.1524 0.1387 0.108 0.0798 0.1792 0.1643 0.1683 0.1609 0.1554 0.1462 0.11 0.0737 0.1662 0.1439 0.1647 0.164 0.1498 0.1512 0.1099 0.0689 0.1231 0.1063 0.122 0.1458 0.1202 0.1009 0.0815 0.0614 0.086 0.066 0.0691 0.0779 0.0601 0.0348 0.0287 0.0437 0.0525 0.0425 0.0369 0.0268 0.0172 0.0132 0.0 0.0268 0.153
7.000 7.000 35 0.1924 0.25 0.234 0.2195 0.179 0.1237 0.1146 0.1431 0.0898 0.2438 0.2276 0.2089 0.1843 0.1438 0.0906 0.0825 0.0593 0.2274 0.2128 0.2105 0.1794 0.1354 0.0923 0.0593 0.0392 0.2243 0.2045 0.2077 0.2007 0.1696 0.1146 0.065 0.0385 0.2214 0.1961 0.2056 0.2054 0.1918 0.1505 0.0761 0.0403 0.1744 0.1602 0.1755 0.1877 0.1587 0.1327 0.0761 0.0409 0.1201 0.1028 0.1086 0.1183 0.0963 0.0668 0.0453 0.0268 0.0765 0.0669 0.0619 0.0525 0.0445 0.0415 0.0268 0.0 0.1998
0.500 0.000 0 0.004 0.066 0.0612 0.0708 0.0626 0.0564 0.0583 0.0821 0.1071 0.0573 0.0404 0.0428 0.0404 0.0518 0.0349 0.0377 0.0679 0.0373 0.0202 0.0223 0.016 0.0087 0.0113 0.0119 0.0171 0.0315 0.0097 0.0081 0.0062 0.005 0.0049 0.0061 0.0084 0.043 0.0088 0.0082 0.007 0.007 0.0115 0.0192 0.0227 0.0542 0.0165 0.015 0.0266 0.0324 0.0414 0.0711 0.0649 0.0588 0.03 0.0261 0.0521 0.085 0.1028 0.1492 0.1548 0.0599 0.0367 0.0358 0.0725 0.1229 0.1411 0.153 0.1998 0.0