n 64
m 2
tmax 27.5
0.000 -7.000 0 0.0 0.0054 0.004 0.014 0.005 0.0096 0.0239 0.0085 0.0064 0.0159 0.0323 0.0138 0.0064 0.0095 0.0198 0.0382 0.0206 0.0107 0.008 0.0136 0.0208 0.0421 0.0294 0.0243 0.0133 0.014 0.0195 0.0257 0.0436 0.0368 0.0467 0.0348 0.0197 0.0277 0.027 0.0384 0.0404 0.0714 0.077 0.0385 0.0341 0.0499 0.0391 0.0864 0.1272 0.0798 0.0453 0.0589 0.0664 0.1655 0.1404 0.0741 0.0607 0.0859 0.1896 0.1217 0.0836 0.0855 0.1754 0.1155 0.1025 0.1626 0.1199 0.1469
-1.000 -6.000 6 0.0054 0.0 0.005 0.0085 0.0039 0.0075 0.018 0.0064 0.0048 0.0109 0.0254 0.0114 0.0056 0.0064 0.0125 0.0314 0.0179 0.0098 0.0073 0.0093 0.0131 0.0351 0.0254 0.023 0.0154 0.0115 0.0168 0.0179 0.0357 0.0321 0.0458 0.0369 0.022 0.0264 0.0274 0.0302 0.0348 0.0649 0.0784 0.0458 0.033 0.0517 0.042 0.0774 0.1264 0.0899 0.0516 0.0551 0.0731 0.1563 0.1504 0.0872 0.0633 0.0809 0.1911 0.1394 0.0941 0.0848 0.1917 0.1331 0.1091 0.1858 0.1328 0.1682
1.000 -6.000 6 0.004 0.005 0.0 0.0095 0.0029 0.0057 0.0151 0.0045 0.0043 0.0116 0.0193 0.0075 0.0042 0.0075 0.0147 0.0228 0.013 0.0078 0.0063 0.0115 0.0159 0.0252 0.0236 0.02 0.0115 0.0128 0.0164 0.0209 0.0258 0.0343 0.0492 0.0313 0.0177 0.0281 0.0234 0.0337 0.0415 0.0828 0.0706 0.0342 0.0345 0.0467 0.0362 0.1083 0.1296 0.0693 0.0427 0.0614 0.0615 0.1786 0.1244 0.0665 0.0615 0.0861 0.1756 0.1052 0.0798 0.09 0.1525 0.1052 0.1028 0.1424 0.1159 0.1333
-2.000 -5.000 12 0.014 0.0085 0.0095 0.0 0.0064 0.0081 0.0089 0.005 0.0058 0.0096 0.016 0.0073 0.0062 0.0069 0.0109 0.0215 0.0125 0.01 0.0094 0.0103 0.0124 0.0252 0.0194 0.0198 0.0196 0.0151 0.0209 0.0193 0.0257 0.0243 0.0394 0.0425 0.0284 0.0308 0.0366 0.0347 0.0265 0.0565 0.0778 0.0571 0.0409 0.058 0.0564 0.0643 0.1185 0.1031 0.0651 0.0602 0.083 0.14 0.1582 0.1063 0.0779 0.0827 0.1868 0.1593 0.1144 0.0983 0.2041 0.1584 0.1286 0.2097 0.1585 0.1983
0.000 -5.000 6 0.005 0.0039 0.0029 0.0064 0.0 0.0043 0.0112 0.0021 0.0016 0.0072 0.0152 0.0054 0.002 0.0037 0.009 0.0191 0.0119 0.0064 0.0043 0.0077 0.0103 0.0219 0.0224 0.0212 0.0109 0.0104 0.0151 0.0155 0.0225 0.0331 0.0479 0.0328 0.0179 0.025 0.0259 0.0285 0.0398 0.08 0.0756 0.0376 0.0317 0.0503 0.0417 0.1038 0.131 0.0772 0.0449 0.0551 0.0714 0.1765 0.1351 0.0739 0.0597 0.0817 0.1857 0.1182 0.0843 0.083 0.168 0.1154 0.1027 0.1587 0.1205 0.1463
2.000 -5.000 12 0.0096 0.0075 0.0057 0.0081 0.0043 0.0 0.0113 0.0044 0.0033 0.0054 0.0144 0.0069 0.0042 0.0046 0.0081 0.0184 0.0141 0.0086 0.006 0.0076 0.0092 0.0236 0.0305 0.0233 0.0118 0.0113 0.0121 0.0142 0.0282 0.0494 0.0585 0.0285 0.019 0.0253 0.0176 0.0275 0.0663 0.1027 0.0688 0.0332 0.0364 0.0424 0.0306 0.1425 0.1297 0.0613 0.045 0.0627 0.0539 0.1862 0.1097 0.0648 0.0658 0.0827 0.1562 0.0956 0.0828 0.0944 0.135 0.1032 0.1084 0.1332 0.1196 0.1303
-3.000 -4.000 18 0.0239 0.018 0.0151 0.0089 0.0112 0.0113 0.0 0.0073 0.0083 0.0108 0.007 0.0051 0.0085 0.01 0.0133 0.0127 0.0072 0.0116 0.0147 0.0166 0.0183 0.0161 0.0127 0.0195 0.0269 0.0242 0.0311 0.0295 0.0167 0.017 0.0316 0.0491 0.0424 0.0423 0.0529 0.0507 0.0183 0.0443 0.0783 0.0734 0.0579 0.0714 0.0788 0.0508 0.1059 0.1154 0.0873 0.0775 0.0981 0.1193 0.1582 0.1307 0.1036 0.0998 0.1735 0.1747 0.1432 0.1267 0.2025 0.1875 0.159 0.2242 0.1911 0.2294
-1.000 -4.000 12 0.0085 0.0064 0.0045 0.005 0.0021 0.0044 0.0073 0.0 0.002 0.0058 0.0111 0.0035 0.0023 0.0041 0.008 0.0153 0.0103 0.0063 0.0063 0.0093 0.0113 0.0189 0.0211 0.0209 0.0152 0.0135 0.0207 0.0197 0.02 0.0318 0.0479 0.0377 0.0243 0.0293 0.0375 0.0365 0.0382 0.0762 0.0797 0.0485 0.0371 0.0572 0.0588 0.0975 0.1319 0.092 0.0563 0.0574 0.0822 0.1717 0.1493 0.0914 0.0702 0.0811 0.1907 0.141 0.1004 0.0915 0.1888 0.1376 0.1172 0.1867 0.139 0.1722
1.000 -4.000 12 0.0064 0.0048 0.0043 0.0058 0.0016 0.0033 0.0083 0.002 0.0 0.0046 0.0124 0.0055 0.0017 0.0022 0.0063 0.0184 0.0151 0.0071 0.0035 0.0065 0.0081 0.0259 0.0333 0.0252 0.0103 0.0099 0.0145 0.0141 0.0324 0.0538 0.06 0.0309 0.0168 0.0264 0.0253 0.0279 0.0708 0.1047 0.0714 0.0333 0.0326 0.0499 0.0412 0.1436 0.1333 0.0663 0.0427 0.0579 0.0697 0.1876 0.1176 0.0659 0.0602 0.0846 0.1654 0.1012 0.0805 0.0865 0.1442 0.1046 0.1022 0.1383 0.1164 0.1321
3.000 -4.000 18 0.0159 0.0109 0.0116 0.0096 0.0072 0.0054 0.0108 0.0058 0.0046 0.0 0.0154 0.009 0.0054 0.003 0.0027 0.0239 0.021 0.0109 0.0066 0.0041 0.0041 0.0363 0.0448 0.0285 0.0138 0.0116 0.0075 0.0113 0.0499 0.0741 0.0686 0.0305 0.0223 0.0218 0.0139 0.0239 0.1012 0.1207 0.068 0.0358 0.0404 0.0354 0.0265 0.171 0.1263 0.0611 0.0511 0.0625 0.0463 0.1805 0.1017 0.0697 0.0722 0.0751 0.1419 0.0972 0.0907 0.0963 0.131 0.1102 0.1164 0.1356 0.1291 0.1386
-4.000 -3.000 24 0.0323 0.0254 0.0193 0.016 0.0152 0.0144 0.007 0.0111 0.0124 0.0154 0.0 0.0072 0.0139 0.0171 0.0211 0.0056 0.0052 0.0168 0.0255 0.0289 0.0323 0.0089 0.0072 0.0209 0.0399 0.0417 0.0508 0.0516 0.0093 0.0102 0.0265 0.058 0.0643 0.0651 0.08 0.0806 0.0114 0.0313 0.0764 0.0935 0.085 0.097 0.1105 0.0361 0.0914 0.1271 0.1149 0.1076 0.1245 0.0956 0.149 0.152 0.137 0.1332 0.1465 0.1819 0.1721 0.1659 0.1839 0.2047 0.1941 0.2217 0.2172 0.2374
-2.000 -3.000 18 0.0138 0.0114 0.0075 0.0073 0.0054 0.0069 0.0051 0.0035 0.0055 0.009 0.0072 0.0 0.0063 0.0093 0.0134 0.0117 0.0071 0.0083 0.014 0.0179 0.0213 0.0152 0.0178 0.0191 0.0241 0.0248 0.0348 0.0359 0.0169 0.0274 0.0425 0.0456 0.0389 0.0431 0.058 0.0587 0.034 0.0671 0.082 0.0653 0.055 0.0722 0.0842 0.0857 0.1256 0.1083 0.0795 0.0745 0.098 0.1541 0.1614 0.1161 0.0953 0.0965 0.1897 0.1639 0.1297 0.1183 0.2049 0.1679 0.1458 0.2128 0.1728 0.2062
0.000 -3.000 12 0.0064 0.0056 0.0042 0.0062 0.002 0.0042 0.0085 0.0023 0.0017 0.0054 0.0139 0.0063 0.0 0.0035 0.0081 0.0222 0.0179 0.0065 0.0041 0.0094 0.0128 0.0313 0.0377 0.0261 0.0113 0.0118 0.0222 0.0235 0.0405 0.0609 0.063 0.0335 0.0195 0.0295 0.0402 0.0412 0.0783 0.1076 0.0772 0.0389 0.0335 0.0568 0.0618 0.1457 0.1383 0.0754 0.0473 0.0552 0.0818 0.1908 0.1286 0.0752 0.0627 0.0797 0.1781 0.1147 0.0872 0.0854 0.1589 0.1162 0.1062 0.1545 0.1227 0.146
2.000 -3.000 18 0.0095 0.0064 0.0075 0.0069 0.0037 0.0046 0.01 0.0041 0.0022 0.003 0.0171 0.0093 0.0035 0.0 0.0041 0.0297 0.0245 0.0104 0.004 0.0046 0.0065 0.0456 0.0517 0.0316 0.0118 0.0097 0.0128 0.0144 0.0633 0.0845 0.0718 0.0312 0.0189 0.0257 0.0238 0.0278 0.113 0.1252 0.0684 0.0335 0.0365 0.0475 0.0398 0.1743 0.1277 0.0601 0.0457 0.0616 0.0657 0.1802 0.1027 0.0657 0.0656 0.0843 0.1426 0.0949 0.0839 0.0926 0.1303 0.104 0.1084 0.1326 0.1203 0.1303
4.000 -3.000 24 0.0198 0.0125 0.0147 0.0109 0.009 0.0081 0.0133 0.008 0.0063 0.0027 0.0211 0.0134 0.0081 0.0041 0.0 0.037 0.0309 0.0159 0.0096 0.0029 0.0021 0.0585 0.0632 0.0387 0.0197 0.0135 0.0046 0.0106 0.0834 0.1025 0.0808 0.0381 0.0289 0.0201 0.0118 0.0228 0.1385 0.1374 0.0737 0.0458 0.0439 0.0288 0.0262 0.1899 0.1282 0.0702 0.0605 0.0582 0.0409 0.1763 0.1064 0.0812 0.0755 0.0654 0.1417 0.1085 0.0996 0.0915 0.1418 0.1207 0.119 0.1449 0.1391 0.1481
-5.000 -2.000 30 0.0382 0.0314 0.0228 0.0215 0.0191 0.0184 0.0127 0.0153 0.0184 0.0239 0.0056 0.0117 0.0222 0.0297 0.037 0.0 0.0072 0.0262 0.0432 0.0504 0.0579 0.0031 0.0043 0.0254 0.0583 0.0673 0.0809 0.0863 0.0035 0.0045 0.0227 0.0693 0.0884 0.0963 0.1165 0.1226 0.0054 0.0218 0.0743 0.1136 0.1168 0.1314 0.1511 0.0226 0.0761 0.1324 0.141 0.1423 0.1598 0.0711 0.137 0.1647 0.1681 0.1706 0.1152 0.1716 0.1904 0.2019 0.1556 0.2025 0.2161 0.1937 0.2264 0.2162
-3.000 -2.000 24 0.0206 0.0179 0.013 0.0125 0.0119 0.0141 0.0072 0.0103 0.0151 0.021 0.0052 0.0071 0.0179 0.0245 0.0309 0.0072 0.0 0.0191 0.0331 0.0392 0.0459 0.0101 0.0102 0.0187 0.0431 0.0496 0.0632 0.0681 0.0115 0.019 0.0309 0.0561 0.065 0.0726 0.0923 0.0979 0.0244 0.0497 0.0784 0.0873 0.0865 0.1026 0.1218 0.0644 0.1084 0.1202 0.1103 0.1076 0.1282 0.1269 0.1553 0.1446 0.1312 0.1314 0.1714 0.1752 0.1622 0.1584 0.1958 0.1959 0.1809 0.2197 0.2048 0.2315
-1.000 -2.000 18 0.0107 0.0098 0.0078 0.01 0.0064 0.0086 0.0116 0.0063 0.0071 0.0109 0.0168 0.0083 0.0065 0.0104 0.0159 0.0262 0.0191 0.0 0.0113 0.0183 0.0253 0.0362 0.0393 0.0208 0.0146 0.0209 0.0362 0.0416 0.045 0.0603 0.0578 0.0338 0.0283 0.0395 0.0594 0.0651 0.0798 0.1 0.076 0.0476 0.0437 0.0662 0.0848 0.1387 0.1335 0.0861 0.0596 0.0627 0.0911 0.1841 0.1381 0.0898 0.0763 0.0848 0.1785 0.1324 0.1027 0.1002 0.174 0.1344 0.1215 0.1762 0.1391 0.167
1.000 -2.000 18 0.008 0.0073 0.0063 0.0094 0.0043 0.006 0.0147 0.0063 0.0035 0.0066 0.0255 0.014 0.0041 0.004 0.0096 0.0432 0.0331 0.0113 0.0 0.0097 0.0162 0.0619 0.0629 0.0339 0.0087 0.0085 0.0234 0.0282 0.0797 0.0948 0.0762 0.0294 0.0145 0.0271 0.0415 0.0462 0.1272 0.1303 0.0699 0.0303 0.0297 0.0546 0.0643 0.179 0.1288 0.0598 0.0403 0.0525 0.0798 0.1808 0.1046 0.0625 0.0571 0.0784 0.1453 0.0939 0.0783 0.0816 0.1317 0.1006 0.0993 0.1306 0.1133 0.1269
3.000 -2.000 24 0.0136 0.0093 0.0115 0.0103 0.0077 0.0076 0.0166 0.0093 0.0065 0.0041 0.0289 0.0179 0.0094 0.0046 0.0029 0.0504 0.0392 0.0183 0.0097 0.0 0.0046 0.0762 0.0752 0.0426 0.0196 0.0111 0.0081 0.0131 0.1015 0.1143 0.087 0.039 0.0257 0.0217 0.0191 0.0259 0.1529 0.1422 0.0727 0.0419 0.0403 0.0393 0.0355 0.1939 0.1268 0.0662 0.0534 0.0614 0.0543 0.1719 0.1027 0.0745 0.0711 0.0767 0.1367 0.1021 0.0918 0.094 0.135 0.1129 0.1147 0.1377 0.1292 0.1393
5.000 -2.000 30 0.0208 0.0131 0.0159 0.0124 0.0103 0.0092 0.0183 0.0113 0.0081 0.0041 0.0323 0.0213 0.0128 0.0065 0.0021 0.0579 0.0459 0.0253 0.0162 0.0046 0.0 0.0894 0.0868 0.0524 0.0306 0.0187 0.0049 0.0094 0.1211 0.1316 0.0995 0.0527 0.0392 0.0208 0.0117 0.0204 0.1759 0.1573 0.0873 0.0597 0.0481 0.0266 0.0252 0.2098 0.1387 0.0847 0.0686 0.0537 0.0397 0.1792 0.119 0.0921 0.076 0.0581 0.1528 0.1207 0.1031 0.0842 0.1546 0.1265 0.1164 0.1519 0.1406 0.1518
-6.000 -1.000 36 0.0421 0.0351 0.0252 0.0252 0.0219 0.0236 0.0161 0.0189 0.0259 0.0363 0.0089 0.0152 0.0313 0.0456 0.0585 0.0031 0.0101 0.0362 0.0619 0.0762 0.0894 0.0 0.0045 0.0314 0.0785 0.0961 0.1157 0.1273 0.0008 0.0021 0.0224 0.0819 0.1141 0.1283 0.1554 0.168 0.0021 0.0166 0.0757 0.1279 0.1427 0.1632 0.188 0.0148 0.0659 0.1366 0.1628 0.1737 0.1934 0.0521 0.1208 0.1698 0.1915 0.205 0.09 0.153 0.1953 0.2226 0.1214 0.1843 0.2198 0.1559 0.2091 0.1808
-4.000 -1.000 30 0.0294 0.0254 0.0236 0.0194 0.0224 0.0305 0.0127 0.0211 0.0333 0.0448 0.0072 0.0178 0.0377 0.0517 0.0632 0.0043 0.0102 0.0393 0.0629 0.0752 0.0868 0.0045 0.0 0.0309 0.0742 0.088 0.1063 0.1168 0.0055 0.0082 0.0222 0.0749 0.1005 0.1131 0.1392 0.151 0.0136 0.0291 0.0754 0.1132 0.1229 0.1434 0.1677 0.0409 0.0847 0.128 0.1432 0.1488 0.1691 0.0937 0.1377 0.1628 0.1682 0.1756 0.1328 0.1736 0.1862 0.1983 0.1651 0.2006 0.2073 0.2024 0.2175 0.2203
-2.000 -1.000 24 0.0243 0.023 0.02 0.0198 0.0212 0.0233 0.0195 0.0209 0.0252 0.0285 0.0209 0.0191 0.0261 0.0316 0.0387 0.0254 0.0187 0.0208 0.0339 0.0426 0.0524 0.0314 0.0309 0.0 0.0338 0.044 0.0627 0.073 0.0389 0.0487 0.0358 0.0343 0.0498 0.0632 0.0895 0.1012 0.0646 0.0761 0.062 0.0618 0.0668 0.0899 0.1146 0.1097 0.111 0.0907 0.0805 0.0851 0.1104 0.1497 0.1345 0.1065 0.1008 0.1083 0.1626 0.1412 0.1244 0.1282 0.1728 0.1532 0.1439 0.1857 0.1618 0.1864
0.000 -1.000 18 0.0133 0.0154 0.0115 0.0196 0.0109 0.0118 0.0269 0.0152 0.0103 0.0138 0.0399 0.0241 0.0113 0.0118 0.0197 0.0583 0.0431 0.0146 0.0087 0.0196 0.0306 0.0785 0.0742 0.0338 0.0 0.0145 0.0372 0.0482 0.0949 0.1039 0.0746 0.022 0.0136 0.032 0.0592 0.0711 0.1312 0.1257 0.0635 0.0265 0.0295 0.0583 0.0823 0.1764 0.1219 0.0571 0.0391 0.0494 0.0814 0.1739 0.102 0.0617 0.0576 0.0716 0.1439 0.0945 0.0779 0.0819 0.1314 0.1016 0.0992 0.1336 0.1112 0.1297
2.000 -1.000 24 0.014 0.0115 0.0128 0.0151 0.0104 0.0113 0.0242 0.0135 0.0099 0.0116 0.0417 0.0248 0.0118 0.0097 0.0135 0.0673 0.0496 0.0209 0.0085 0.0111 0.0187 0.0961 0.088 0.044 0.0145 0.0 0.0217 0.0303 0.1203 0.1259 0.0877 0.0327 0.0135 0.0192 0.0384 0.0479 0.1604 0.1417 0.0682 0.0299 0.0253 0.0459 0.0592 0.192 0.1189 0.0557 0.0373 0.0472 0.068 0.1619 0.0918 0.0593 0.0527 0.0705 0.1258 0.0876 0.0742 0.077 0.1214 0.0953 0.0952 0.1225 0.1091 0.1192
4.000 -1.000 30 0.0195 0.0168 0.0164 0.0209 0.0151 0.0121 0.0311 0.0207 0.0145 0.0075 0.0508 0.0348 0.0222 0.0128 0.0046 0.0809 0.0632 0.0362 0.0234 0.0081 0.0049 0.1157 0.1063 0.0627 0.0372 0.0217 0.0 0.0117 0.1467 0.1505 0.1089 0.057 0.0398 0.018 0.0113 0.023 0.1903 0.1651 0.0912 0.0573 0.0438 0.0263 0.028 0.2138 0.1379 0.0816 0.0616 0.0515 0.0401 0.1754 0.115 0.0857 0.0699 0.0602 0.1468 0.114 0.0965 0.0834 0.1469 0.119 0.1118 0.1426 0.1337 0.1435
6.000 -1.000 36 0.0257 0.0179 0.0209 0.0193 0.0155 0.0142 0.0295 0.0197 0.0141 0.0113 0.0516 0.0359 0.0235 0.0144 0.0106 0.0863 0.0681 0.0416 0.0282 0.0131 0.0094 0.1273 0.1168 0.073 0.0482 0.0303 0.0117 0.0 0.1647 0.1669 0.123 0.0728 0.0553 0.0285 0.0112 0.0085 0.2115 0.1821 0.1084 0.0758 0.0572 0.0288 0.0165 0.2306 0.1544 0.1009 0.0775 0.0544 0.037 0.189 0.1334 0.1019 0.0768 0.0556 0.1654 0.1306 0.1058 0.0816 0.1638 0.13 0.1157 0.1538 0.1431 0.1584
-7.000 0.000 42 0.0436 0.0357 0.0258 0.0257 0.0225 0.0282 0.0167 0.02 0.0324 0.0499 0.0093 0.0169 0.0405 0.0633 0.0834 0.0035 0.0115 0.045 0.0797 0.1015 0.1211 0.0008 0.0055 0.0389 0.0949 0.1203 0.1467 0.1647 0.0 0.0021 0.0246 0.0958 0.1388 0.1582 0.1911 0.2094 0.0011 0.016 0.082 0.147 0.1696 0.1932 0.2216 0.0108 0.0619 0.1385 0.177 0.1981 0.2217 0.0391 0.1064 0.1682 0.2055 0.2322 0.0659 0.1299 0.1865 0.2288 0.0903 0.1561 0.2009 0.1184 0.1761 0.1364
-5.000 0.000 36 0.0368 0.0321 0.0343 0.0243 0.0331 0.0494 0.017 0.0318 0.0538 0.0741 0.0102 0.0274 0.0609 0.0845 0.1025 0.0045 0.019 0.0603 0.0948 0.1143 0.1316 0.0021 0.0082 0.0487 0.1039 0.1259 0.1505 0.1669 0.0021 0.0 0.0291 0.1009 0.1388 0.1556 0.187 0.2041 0.0055 0.0183 0.0837 0.1422 0.1613 0.1843 0.212 0.0221 0.0698 0.1375 0.168 0.1853 0.208 0.0616 0.1193 0.1723 0.1978 0.2173 0.0953 0.1543 0.1943 0.225 0.1293 0.1836 0.213 0.1619 0.2029 0.181
-3.000 0.000 30 0.0467 0.0458 0.0492 0.0394 0.0479 0.0585 0.0316 0.0479 0.06 0.0686 0.0265 0.0425 0.063 0.0718 0.0808 0.0227 0.0309 0.0578 0.0762 0.087 0.0995 0.0224 0.0222 0.0358 0.0746 0.0877 0.1089 0.123 0.0246 0.0291 0.0 0.062 0.0894 0.1033 0.1337 0.1499 0.0422 0.0386 0.0507 0.0907 0.1049 0.1277 0.1552 0.0704 0.075 0.0974 0.1119 0.1249 0.1481 0.1031 0.1133 0.1238 0.1352 0.149 0.1259 0.1372 0.147 0.1643 0.1463 0.1618 0.1675 0.1724 0.1768 0.1863
-1.000 0.000 24 0.0348 0.0369 0.0313 0.0425 0.0328 0.0285 0.0491 0.0377 0.0309 0.0305 0.058 0.0456 0.0335 0.0312 0.0381 0.0693 0.0561 0.0338 0.0294 0.039 0.0527 0.0819 0.0749 0.0343 0.022 0.0327 0.057 0.0728 0.0958 0.1009 0.062 0.0 0.0265 0.0458 0.0792 0.0968 0.1242 0.1081 0.042 0.0257 0.0409 0.0691 0.0987 0.1499 0.0991 0.0484 0.045 0.0597 0.0879 0.1431 0.0899 0.0622 0.0677 0.0815 0.1241 0.0915 0.0821 0.0947 0.124 0.1034 0.1036 0.1337 0.1137 0.1328
1.000 0.000 24 0.0197 0.022 0.0177 0.0284 0.0179 0.019 0.0424 0.0243 0.0168 0.0223 0.0643 0.0389 0.0195 0.0189 0.0289 0.0884 0.065 0.0283 0.0145 0.0257 0.0392 0.1141 0.1005 0.0498 0.0136 0.0135 0.0398 0.0553 0.1388 0.1388 0.0894 0.0265 0.0 0.0253 0.0589 0.0758 0.1692 0.14 0.06 0.0174 0.0165 0.0482 0.0767 0.1819 0.1094 0.0442 0.0251 0.0364 0.0677 0.1492 0.0808 0.0472 0.0428 0.0586 0.1148 0.0762 0.0633 0.0678 0.1105 0.084 0.0846 0.1112 0.0968 0.1084
3.000 0.000 30 0.0277 0.0264 0.0281 0.0308 0.025 0.0253 0.0423 0.0293 0.0264 0.0218 0.0651 0.0431 0.0295 0.0257 0.0201 0.0963 0.0726 0.0395 0.0271 0.0217 0.0208 0.1283 0.1131 0.0632 0.032 0.0192 0.018 0.0285 0.1582 0.1556 0.1033 0.0458 0.0253 0.0 0.0263 0.0413 0.1918 0.1568 0.0771 0.0393 0.0219 0.0249 0.0438 0.1978 0.1224 0.0627 0.0386 0.0336 0.0453 0.1537 0.0936 0.0626 0.0468 0.0518 0.1252 0.0899 0.0717 0.065 0.1233 0.0935 0.0892 0.1179 0.1067 0.1168
5.000 0.000 36 0.027 0.0274 0.0234 0.0366 0.0259 0.0176 0.0529 0.0375 0.0253 0.0139 0.08 0.058 0.0402 0.0238 0.0118 0.1165 0.0923 0.0594 0.0415 0.0191 0.0117 0.1554 0.1392 0.0895 0.0592 0.0384 0.0113 0.0112 0.1911 0.187 0.1337 0.0792 0.0589 0.0263 0.0 0.0165 0.2265 0.1882 0.1093 0.0735 0.0511 0.0186 0.0169 0.2279 0.1522 0.0954 0.0675 0.0437 0.0276 0.1811 0.126 0.0922 0.0651 0.0446 0.1571 0.1202 0.0942 0.0708 0.1521 0.118 0.1037 0.1398 0.1302 0.1422
7.000 0.000 42 0.0384 0.0302 0.0337 0.0347 0.0285 0.0275 0.0507 0.0365 0.0279 0.0239 0.0806 0.0587 0.0412 0.0278 0.0228 0.1226 0.0979 0.0651 0.0462 0.0259 0.0204 0.168 0.151 0.1012 0.0711 0.0479 0.023 0.0085 0.2094 0.2041 0.1499 0.0968 0.0758 0.0413 0.0165 0.0 0.2475 0.2069 0.1288 0.0939 0.07 0.0357 0.0112 0.2464 0.1711 0.1161 0.0868 0.0597 0.0361 0.1992 0.1471 0.1125 0.0825 0.0571 0.1789 0.1405 0.1128 0.0862 0.1713 0.1379 0.1232 0.1616 0.1542 0.1725
-6.000 1.000 36 0.0404 0.0348 0.0415 0.0265 0.0398 0.0663 0.0183 0.0382 0.0708 0.1012 0.0114 0.034 0.0783 0.113 0.1385 0.0054 0.0244 0.0798 0.1272 0.1529 0.1759 0.0021 0.0136 0.0646 0.1312 0.1604 0.1903 0.2115 0.0011 0.0055 0.0422 0.1242 0.1692 0.1918 0.2265 0.2475 0.0 0.0221 0.0997 0.1713 0.1962 0.2205 0.25 0.012 0.0665 0.1459 0.1883 0.2142 0.2406 0.0407 0.1023 0.162 0.2033 0.237 0.0647 0.1256 0.1799 0.2231 0.0905 0.1504 0.1916 0.1178 0.166 0.1319
-4.000 1.000 30 0.0714 0.0649 0.0828 0.0565 0.08 0.1027 0.0443 0.0762 0.1047 0.1207 0.0313 0.0671 0.1076 0.1252 0.1374 0.0218 0.0497 0.1 0.1303 0.1422 0.1573 0.0166 0.0291 0.0761 0.1257 0.1417 0.1651 0.1821 0.016 0.0183 0.0386 0.1081 0.14 0.1568 0.1882 0.2069 0.0221 0.0 0.075 0.1342 0.1527 0.1749 0.203 0.0301 0.0491 0.1142 0.1475 0.1687 0.1932 0.055 0.0921 0.1357 0.1667 0.1936 0.0791 0.1196 0.1566 0.1897 0.1058 0.148 0.174 0.1352 0.1665 0.1525
-2.000 1.000 24 0.077 0.0784 0.0706 0.0778 0.0756 0.0688 0.0783 0.0797 0.0714 0.068 0.0764 0.082 0.0772 0.0684 0.0737 0.0743 0.0784 0.076 0.0699 0.0727 0.0873 0.0757 0.0754 0.062 0.0635 0.0682 0.0912 0.1084 0.082 0.0837 0.0507 0.042 0.06 0.0771 0.1093 0.1288 0.0997 0.075 0.0 0.0484 0.0672 0.0924 0.1221 0.1063 0.0538 0.0418 0.0647 0.085 0.111 0.0932 0.062 0.0673 0.0883 0.111 0.0859 0.0799 0.0911 0.1145 0.0972 0.1027 0.1109 0.1191 0.1165 0.1284
0.000 1.000 18 0.0385 0.0458 0.0342 0.0571 0.0376 0.0332 0.0734 0.0485 0.0333 0.0358 0.0935 0.0653 0.0389 0.0335 0.0458 0.1136 0.0873 0.0476 0.0303 0.0419 0.0597 0.1279 0.1132 0.0618 0.0265 0.0299 0.0573 0.0758 0.147 0.1422 0.0907 0.0257 0.0174 0.0393 0.0735 0.0939 0.1713 0.1342 0.0484 0.0 0.0251 0.0555 0.0868 0.1645 0.0916 0.0274 0.021 0.0423 0.0719 0.122 0.0635 0.0351 0.045 0.0658 0.094 0.0621 0.0559 0.0742 0.0942 0.0739 0.0797 0.1004 0.0859 0.1
2.000 1.000 24 0.0341 0.033 0.0345 0.0409 0.0317 0.0364 0.0579 0.0371 0.0326 0.0404 0.085 0.055 0.0335 0.0365 0.0439 0.1168 0.0865 0.0437 0.0297 0.0403 0.0481 0.1427 0.1229 0.0668 0.0295 0.0253 0.0438 0.0572 0.1696 0.1613 0.1049 0.0409 0.0165 0.0219 0.0511 0.07 0.1962 0.1527 0.0672 0.0251 0.0 0.0336 0.0629 0.1845 0.1087 0.0478 0.0187 0.0196 0.0492 0.1347 0.0795 0.0443 0.0287 0.0419 0.1104 0.0734 0.0533 0.0519 0.1072 0.0753 0.0724 0.1016 0.0871 0.0967
4.000 1.000 30 0.0499 0.0517 0.0467 0.058 0.0503 0.0424 0.0714 0.0572 0.0499 0.0354 0.097 0.0722 0.0568 0.0475 0.0288 0.1314 0.1026 0.0662 0.0546 0.0393 0.0266 0.1632 0.1434 0.0899 0.0583 0.0459 0.0263 0.0288 0.1932 0.1843 0.1277 0.0691 0.0482 0.0249 0.0186 0.0357 0.2205 0.1749 0.0924 0.0555 0.0336 0.0 0.0276 0.2071 0.1322 0.0758 0.0461 0.023 0.0201 0.1572 0.1062 0.0707 0.0437 0.0299 0.136 0.0978 0.0722 0.0531 0.1296 0.0954 0.0841 0.1171 0.1082 0.1191
6.000 1.000 36 0.0391 0.042 0.0362 0.0564 0.0417 0.0306 0.0788 0.0588 0.0412 0.0265 0.1105 0.0842 0.0618 0.0398 0.0262 0.1511 0.1218 0.0848 0.0643 0.0355 0.0252 0.188 0.1677 0.1146 0.0823 0.0592 0.028 0.0165 0.2216 0.212 0.1552 0.0987 0.0767 0.0438 0.0169 0.0112 0.25 0.203 0.1221 0.0868 0.0629 0.0276 0.0 0.2342 0.1599 0.1053 0.0745 0.0465 0.0217 0.1842 0.135 0.0986 0.067 0.0411 0.1656 0.1253 0.0965 0.0695 0.1552 0.1214 0.1053 0.1424 0.1361 0.1505
-5.000 2.000 30 0.0864 0.0774 0.1083 0.0643 0.1038 0.1425 0.0508 0.0975 0.1436 0.171 0.0361 0.0857 0.1457 0.1743 0.1899 0.0226 0.0644 0.1387 0.179 0.1939 0.2098 0.0148 0.0409 0.1097 0.1764 0.192 0.2138 0.2306 0.0108 0.0221 0.0704 0.1499 0.1819 0.1978 0.2279 0.2464 0.012 0.0301 0.1063 0.1645 0.1845 0.2071 0.2342 0.0 0.055 0.1272 0.1651 0.1909 0.2177 0.026 0.0774 0.1305 0.1699 0.2059 0.047 0.0952 0.1422 0.1831 0.0708 0.1208 0.1558 0.0968 0.1367 0.1104
-3.000 2.000 24 0.1272 0.1264 0.1296 0.1185 0.131 0.1297 0.1059 0.1319 0.1333 0.1263 0.0914 0.1256 0.1383 0.1277 0.1282 0.0761 0.1084 0.1335 0.1288 0.1268 0.1387 0.0659 0.0847 0.111 0.1219 0.1189 0.1379 0.1544 0.0619 0.0698 0.075 0.0991 0.1094 0.1224 0.1522 0.1711 0.0665 0.0491 0.0538 0.0916 0.1087 0.1322 0.1599 0.055 0.0 0.062 0.0946 0.1193 0.1462 0.0359 0.0384 0.078 0.1112 0.1433 0.0409 0.0663 0.0989 0.134 0.0645 0.0953 0.1166 0.0926 0.1135 0.108
-1.000 2.000 18 0.0798 0.0899 0.0693 0.1031 0.0772 0.0613 0.1154 0.092 0.0663 0.0611 0.1271 0.1083 0.0754 0.0601 0.0702 0.1324 0.1202 0.0861 0.0598 0.0662 0.0847 0.1366 0.128 0.0907 0.0571 0.0557 0.0816 0.1009 0.1385 0.1375 0.0974 0.0484 0.0442 0.0627 0.0954 0.1161 0.1459 0.1142 0.0418 0.0274 0.0478 0.0758 0.1053 0.1272 0.062 0.0 0.0351 0.063 0.0921 0.0826 0.0343 0.028 0.0577 0.0888 0.0625 0.0427 0.0536 0.0857 0.0695 0.0636 0.0767 0.085 0.0786 0.0897
1.000 2.000 18 0.0453 0.0516 0.0427 0.0651 0.0449 0.045 0.0873 0.0563 0.0427 0.0511 0.1149 0.0795 0.0473 0.0457 0.0605 0.141 0.1103 0.0596 0.0403 0.0534 0.0686 0.1628 0.1432 0.0805 0.0391 0.0373 0.0616 0.0775 0.177 0.168 0.1119 0.045 0.0251 0.0386 0.0675 0.0868 0.1883 0.1475 0.0647 0.021 0.0187 0.0461 0.0745 0.1651 0.0946 0.0351 0.0 0.0287 0.0589 0.1137 0.063 0.0254 0.0246 0.0515 0.0907 0.054 0.0375 0.0541 0.0866 0.0565 0.06 0.0814 0.0681 0.0777
3.000 2.000 24 0.0589 0.0551 0.0614 0.0602 0.0551 0.0627 0.0775 0.0574 0.0579 0.0625 0.1076 0.0745 0.0552 0.0616 0.0582 0.1423 0.1076 0.0627 0.0525 0.0614 0.0537 0.1737 0.1488 0.0851 0.0494 0.0472 0.0515 0.0544 0.1981 0.1853 0.1249 0.0597 0.0364 0.0336 0.0437 0.0597 0.2142 0.1687 0.085 0.0423 0.0196 0.023 0.0465 0.1909 0.1193 0.063 0.0287 0.0 0.0299 0.1412 0.0926 0.054 0.0228 0.0225 0.1216 0.0811 0.0519 0.0369 0.1119 0.0747 0.0644 0.0972 0.0848 0.0969
5.000 2.000 30 0.0664 0.0731 0.0615 0.083 0.0714 0.0539 0.0981 0.0822 0.0697 0.0463 0.1245 0.098 0.0818 0.0657 0.0409 0.1598 0.1282 0.0911 0.0798 0.0543 0.0397 0.1934 0.1691 0.1104 0.0814 0.068 0.0401 0.037 0.2217 0.208 0.1481 0.0879 0.0677 0.0453 0.0276 0.0361 0.2406 0.1932 0.111 0.0719 0.0492 0.0201 0.0217 0.2177 0.1462 0.0921 0.0589 0.0299 0.0 0.1703 0.123 0.0848 0.0504 0.0211 0.1534 0.1116 0.081 0.0511 0.1402 0.1064 0.0881 0.1264 0.1191 0.1323
-4.000 3.000 24 0.1655 0.1563 0.1786 0.14 0.1765 0.1862 0.1193 0.1717 0.1876 0.1805 0.0956 0.1541 0.1908 0.1802 0.1763 0.0711 0.1269 0.1841 0.1808 0.1719 0.1792 0.0521 0.0937 0.1497 0.1739 0.1619 0.1754 0.189 0.0391 0.0616 0.1031 0.1431 0.1492 0.1537 0.1811 0.1992 0.0407 0.055 0.0932 0.122 0.1347 0.1572 0.1842 0.026 0.0359 0.0826 0.1137 0.1412 0.1703 0.0 0.0409 0.0869 0.1235 0.1607 0.021 0.0611 0.1031 0.1398 0.0463 0.0885 0.1191 0.0723 0.1062 0.0866
-2.000 3.000 18 0.1404 0.1504 0.1244 0.1582 0.1351 0.1097 0.1582 0.1493 0.1176 0.1017 0.149 0.1614 0.1286 0.1027 0.1064 0.137 0.1553 0.1381 0.1046 0.1027 0.119 0.1208 0.1377 0.1345 0.102 0.0918 0.115 0.1334 0.1064 0.1193 0.1133 0.0899 0.0808 0.0936 0.126 0.1471 0.1023 0.0921 0.062 0.0635 0.0795 0.1062 0.135 0.0774 0.0384 0.0343 0.063 0.0926 0.123 0.0409 0.0 0.0427 0.0782 0.1153 0.0271 0.031 0.0635 0.0993 0.0417 0.0607 0.083 0.0656 0.079 0.0779
0.000 3.000 12 0.0741 0.0872 0.0665 0.1063 0.0739 0.0648 0.1307 0.0914 0.0659 0.0697 0.152 0.1161 0.0752 0.0657 0.0812 0.1647 0.1446 0.0898 0.0625 0.0745 0.0921 0.1698 0.1628 0.1065 0.0617 0.0593 0.0857 0.1019 0.1682 0.1723 0.1238 0.0622 0.0472 0.0626 0.0922 0.1125 0.162 0.1357 0.0673 0.0351 0.0443 0.0707 0.0986 0.1305 0.078 0.028 0.0254 0.054 0.0848 0.0869 0.0427 0.0 0.0375 0.0753 0.0669 0.0288 0.0255 0.0614 0.0611 0.0365 0.049 0.0602 0.0498 0.0599
2.000 3.000 18 0.0607 0.0633 0.0615 0.0779 0.0597 0.0658 0.1036 0.0702 0.0602 0.0722 0.137 0.0953 0.0627 0.0656 0.0755 0.1681 0.1312 0.0763 0.0571 0.0711 0.076 0.1915 0.1682 0.1008 0.0576 0.0527 0.0699 0.0768 0.2055 0.1978 0.1352 0.0677 0.0428 0.0468 0.0651 0.0825 0.2033 0.1667 0.0883 0.045 0.0287 0.0437 0.067 0.1699 0.1112 0.0577 0.0246 0.0228 0.0504 0.1235 0.0782 0.0375 0.0 0.0369 0.1027 0.0588 0.027 0.0297 0.0864 0.0483 0.0411 0.0692 0.0561 0.0654
4.000 3.000 24 0.0859 0.0809 0.0861 0.0827 0.0817 0.0827 0.0998 0.0811 0.0846 0.0751 0.1332 0.0965 0.0797 0.0843 0.0654 0.1706 0.1314 0.0848 0.0784 0.0767 0.0581 0.205 0.1756 0.1083 0.0716 0.0705 0.0602 0.0556 0.2322 0.2173 0.149 0.0815 0.0586 0.0518 0.0446 0.0571 0.237 0.1936 0.111 0.0658 0.0419 0.0299 0.0411 0.2059 0.1433 0.0888 0.0515 0.0225 0.0211 0.1607 0.1153 0.0753 0.0369 0.0 0.141 0.0968 0.0644 0.0301 0.1216 0.0859 0.0664 0.1052 0.093 0.1072
-3.000 4.000 18 0.1896 0.1911 0.1756 0.1868 0.1857 0.1562 0.1735 0.1907 0.1654 0.1419 0.1465 0.1897 0.1781 0.1426 0.1417 0.1152 0.1714 0.1785 0.1453 0.1367 0.1528 0.09 0.1328 0.1626 0.1439 0.1258 0.1468 0.1654 0.0659 0.0953 0.1259 0.1241 0.1148 0.1252 0.1571 0.1789 0.0647 0.0791 0.0859 0.094 0.1104 0.136 0.1656 0.047 0.0409 0.0625 0.0907 0.1216 0.1534 0.021 0.0271 0.0669 0.1027 0.141 0.0 0.0417 0.0832 0.1175 0.026 0.0659 0.0957 0.0506 0.079 0.0618
-1.000 4.000 12 0.1217 0.1394 0.1052 0.1593 0.1182 0.0956 0.1747 0.141 0.1012 0.0972 0.1819 0.1639 0.1147 0.0949 0.1085 0.1716 0.1752 0.1324 0.0939 0.1021 0.1207 0.153 0.1736 0.1412 0.0945 0.0876 0.114 0.1306 0.1299 0.1543 0.1372 0.0915 0.0762 0.0899 0.1202 0.1405 0.1256 0.1196 0.0799 0.0621 0.0734 0.0978 0.1253 0.0952 0.0663 0.0427 0.054 0.0811 0.1116 0.0611 0.031 0.0288 0.0588 0.0968 0.0417 0.0 0.0365 0.0723 0.0308 0.028 0.0525 0.0386 0.0451 0.0458
1.000 4.000 12 0.0836 0.0941 0.0798 0.1144 0.0843 0.0828 0.1432 0.1004 0.0805 0.0907 0.1721 0.1297 0.0872 0.0839 0.0996 0.1904 0.1622 0.1027 0.0783 0.0918 0.1031 0.1953 0.1862 0.1244 0.0779 0.0742 0.0965 0.1058 0.1865 0.1943 0.147 0.0821 0.0633 0.0717 0.0942 0.1128 0.1799 0.1566 0.0911 0.0559 0.0533 0.0722 0.0965 0.1422 0.0989 0.0536 0.0375 0.0519 0.081 0.1031 0.0635 0.0255 0.027 0.0644 0.0832 0.0365 0.0 0.0411 0.0612 0.0221 0.0253 0.0434 0.0299 0.0393
3.000 4.000 18 0.0855 0.0848 0.09 0.0983 0.083 0.0944 0.1267 0.0915 0.0865 0.0963 0.1659 0.1183 0.0854 0.0926 0.0915 0.2019 0.1584 0.1002 0.0816 0.094 0.0842 0.2226 0.1983 0.1282 0.0819 0.077 0.0834 0.0816 0.2288 0.225 0.1643 0.0947 0.0678 0.065 0.0708 0.0862 0.2231 0.1897 0.1145 0.0742 0.0519 0.0531 0.0695 0.1831 0.134 0.0857 0.0541 0.0369 0.0511 0.1398 0.0993 0.0614 0.0297 0.0301 0.1175 0.0723 0.0411 0.0 0.0933 0.0576 0.0344 0.0735 0.0586 0.0697
-2.000 5.000 12 0.1754 0.1917 0.1525 0.2041 0.168 0.135 0.2025 0.1888 0.1442 0.131 0.1839 0.2049 0.1589 0.1303 0.1418 0.1556 0.1958 0.174 0.1317 0.135 0.1546 0.1214 0.1651 0.1728 0.1314 0.1214 0.1469 0.1638 0.0903 0.1293 0.1463 0.124 0.1105 0.1233 0.1521 0.1713 0.0905 0.1058 0.0972 0.0942 0.1072 0.1296 0.1552 0.0708 0.0645 0.0695 0.0866 0.1119 0.1402 0.0463 0.0417 0.0611 0.0864 0.1216 0.026 0.0308 0.0612 0.0933 0.0 0.0386 0.0655 0.0222 0.0461 0.0321
0.000 5.000 6 0.1155 0.1331 0.1052 0.1584 0.1154 0.1032 0.1875 0.1376 0.1046 0.1102 0.2047 0.1679 0.1162 0.104 0.1207 0.2025 0.1959 0.1344 0.1006 0.1129 0.1265 0.1843 0.2006 0.1532 0.1016 0.0953 0.119 0.13 0.1561 0.1836 0.1618 0.1034 0.084 0.0935 0.118 0.1379 0.1504 0.148 0.1027 0.0739 0.0753 0.0954 0.1214 0.1208 0.0953 0.0636 0.0565 0.0747 0.1064 0.0885 0.0607 0.0365 0.0483 0.0859 0.0659 0.028 0.0221 0.0576 0.0386 0.0 0.0299 0.0204 0.018 0.0208
2.000 5.000 12 0.1025 0.1091 0.1028 0.1286 0.1027 0.1084 0.159 0.1172 0.1022 0.1164 0.1941 0.1458 0.1062 0.1084 0.119 0.2161 0.1809 0.1215 0.0993 0.1147 0.1164 0.2198 0.2073 0.1439 0.0992 0.0952 0.1118 0.1157 0.2009 0.213 0.1675 0.1036 0.0846 0.0892 0.1037 0.1232 0.1916 0.174 0.1109 0.0797 0.0724 0.0841 0.1053 0.1558 0.1166 0.0767 0.06 0.0644 0.0881 0.1191 0.083 0.049 0.0411 0.0664 0.0957 0.0525 0.0253 0.0344 0.0655 0.0299 0.0 0.0418 0.0227 0.0339
-1.000 6.000 6 0.1626 0.1858 0.1424 0.2097 0.1587 0.1332 0.2242 0.1867 0.1383 0.1356 0.2217 0.2128 0.1545 0.1326 0.1449 0.1937 0.2197 0.1762 0.1306 0.1377 0.1519 0.1559 0.2024 0.1857 0.1336 0.1225 0.1426 0.1538 0.1184 0.1619 0.1724 0.1337 0.1112 0.1179 0.1398 0.1616 0.1178 0.1352 0.1191 0.1004 0.1016 0.1171 0.1424 0.0968 0.0926 0.085 0.0814 0.0972 0.1264 0.0723 0.0656 0.0602 0.0692 0.1052 0.0506 0.0386 0.0434 0.0735 0.0222 0.0204 0.0418 0.0 0.0208 0.0106
1.000 6.000 6 0.1199 0.1328 0.1159 0.1585 0.1205 0.1196 0.1911 0.139 0.1164 0.1291 0.2172 0.1728 0.1227 0.1203 0.1391 0.2264 0.2048 0.1391 0.1133 0.1292 0.1406 0.2091 0.2175 0.1618 0.1112 0.1091 0.1337 0.1431 0.1761 0.2029 0.1768 0.1137 0.0968 0.1067 0.1302 0.1542 0.166 0.1665 0.1165 0.0859 0.0871 0.1082 0.1361 0.1367 0.1135 0.0786 0.0681 0.0848 0.1191 0.1062 0.079 0.0498 0.0561 0.093 0.079 0.0451 0.0299 0.0586 0.0461 0.018 0.0227 0.0208 0.0 0.0122
0.000 7.000 0 0.1469 0.1682 0.1333 0.1983 0.1463 0.1303 0.2294 0.1722 0.1321 0.1386 0.2374 0.2062 0.146 0.1303 0.1481 0.2162 0.2315 0.167 0.1269 0.1393 0.1518 0.1808 0.2203 0.1864 0.1297 0.1192 0.1435 0.1584 0.1364 0.181 0.1863 0.1328 0.1084 0.1168 0.1422 0.1725 0.1319 0.1525 0.1284 0.1 0.0967 0.1191 0.1505 0.1104 0.108 0.0897 0.0777 0.0969 0.1323 0.0866 0.0779 0.0599 0.0654 0.1072 0.0618 0.0458 0.0393 0.0697 0.0321 0.0208 0.0339 0.0106 0.0122 0.0