n 64
m 2
tmax 20.0
0.000 -7.000 0 0.0 0.0269 0.0258 0.0631 0.0437 0.0584 0.1243 0.0825 0.0676 0.1002 0.1941 0.1413 0.0922 0.0909 0.1157 0.2289 0.1905 0.122 0.0914 0.1024 0.1143 0.2365 0.2067 0.1437 0.1061 0.0936 0.1036 0.1234 0.2442 0.2264 0.1685 0.121 0.1106 0.0955 0.1128 0.1337 0.25 0.1976 0.14 0.1305 0.1164 0.0996 0.1221 0.2194 0.1608 0.1309 0.1622 0.1084 0.1044 0.176 0.1333 0.1586 0.168 0.0993 0.1449 0.1306 0.1982 0.1373 0.1272 0.1575 0.1957 0.1297 0.1914 0.1539
-1.000 -6.000 6 0.0269 0.0 0.0437 0.0381 0.0363 0.0715 0.1014 0.0649 0.0675 0.1047 0.1667 0.1207 0.0854 0.0873 0.1112 0.2033 0.1605 0.116 0.0878 0.0933 0.1061 0.208 0.1815 0.1321 0.1028 0.0897 0.0922 0.1134 0.2107 0.1985 0.1518 0.1152 0.1125 0.0893 0.0989 0.1207 0.2189 0.1798 0.1336 0.1239 0.1241 0.0901 0.1041 0.1996 0.1511 0.1233 0.1614 0.1199 0.09 0.1654 0.1289 0.1406 0.1849 0.1061 0.1406 0.1194 0.1819 0.167 0.1229 0.1322 0.2049 0.1156 0.1628 0.1247
1.000 -6.000 6 0.0258 0.0437 0.0 0.0823 0.0311 0.034 0.1495 0.071 0.0437 0.0744 0.2161 0.1214 0.0627 0.0665 0.0832 0.2373 0.1558 0.0836 0.0655 0.0735 0.0839 0.2342 0.1637 0.0982 0.073 0.0681 0.0755 0.0929 0.2357 0.1802 0.1126 0.0831 0.0792 0.0696 0.0848 0.1022 0.2014 0.1358 0.0925 0.1028 0.0845 0.0736 0.0935 0.1517 0.1029 0.1001 0.129 0.0782 0.079 0.111 0.0915 0.1393 0.1265 0.0715 0.092 0.1089 0.1701 0.0962 0.0931 0.1459 0.1493 0.1158 0.1674 0.1473
-2.000 -5.000 12 0.0631 0.0381 0.0823 0.0 0.0649 0.103 0.0624 0.0579 0.0915 0.1255 0.1226 0.0896 0.0906 0.103 0.1206 0.148 0.118 0.0972 0.0959 0.1004 0.11 0.1539 0.1293 0.1025 0.096 0.0978 0.0965 0.1149 0.1558 0.1449 0.1156 0.0949 0.1083 0.101 0.1007 0.1206 0.1644 0.1376 0.1065 0.1063 0.1357 0.1027 0.101 0.154 0.1206 0.101 0.1401 0.1451 0.0994 0.1312 0.1037 0.1111 0.1825 0.1351 0.1137 0.0963 0.1402 0.187 0.0988 0.0991 0.1721 0.0926 0.1113 0.0923
0.000 -5.000 6 0.0437 0.0363 0.0311 0.0649 0.0 0.0437 0.1269 0.0414 0.0289 0.0693 0.1799 0.0907 0.0409 0.0482 0.0692 0.1964 0.1185 0.0613 0.0438 0.0527 0.0648 0.1888 0.1283 0.0735 0.0519 0.0473 0.052 0.0728 0.1869 0.1442 0.0878 0.0612 0.0645 0.0468 0.0596 0.0813 0.1655 0.1109 0.0728 0.0778 0.0763 0.0495 0.0664 0.1268 0.083 0.0737 0.1166 0.0694 0.052 0.0916 0.0696 0.106 0.1314 0.0584 0.0721 0.0755 0.149 0.1067 0.0671 0.1046 0.156 0.0762 0.1396 0.1009
2.000 -5.000 12 0.0584 0.0715 0.034 0.103 0.0437 0.0 0.1597 0.0693 0.0317 0.0344 0.1963 0.0994 0.0494 0.0377 0.0389 0.1878 0.1088 0.0612 0.0442 0.0366 0.0392 0.1669 0.1044 0.0648 0.0549 0.0373 0.0371 0.0458 0.1605 0.1165 0.0734 0.0651 0.0545 0.0356 0.0428 0.0566 0.133 0.09 0.0722 0.0866 0.0479 0.04 0.0523 0.097 0.0762 0.0915 0.0981 0.0421 0.0422 0.0761 0.0814 0.1258 0.0795 0.0387 0.0766 0.1075 0.1319 0.0524 0.0921 0.1325 0.094 0.1175 0.1256 0.1314
-3.000 -4.000 18 0.1243 0.1014 0.1495 0.0624 0.1269 0.1597 0.0 0.0896 0.1319 0.1576 0.0539 0.0566 0.1003 0.1205 0.1352 0.0757 0.058 0.0715 0.0938 0.1071 0.1176 0.0806 0.0637 0.0574 0.0713 0.0929 0.0954 0.1132 0.0809 0.0798 0.0604 0.0601 0.0818 0.101 0.0984 0.1157 0.0936 0.0806 0.0673 0.0641 0.1156 0.1072 0.1022 0.0989 0.0719 0.0664 0.0972 0.1357 0.1068 0.081 0.0667 0.0656 0.1404 0.1345 0.0688 0.0628 0.0834 0.1524 0.0643 0.0571 0.1041 0.0604 0.0608 0.054
-1.000 -4.000 12 0.0825 0.0649 0.071 0.0579 0.0414 0.0693 0.0896 0.0 0.0409 0.0735 0.1225 0.0453 0.0285 0.0461 0.0622 0.1244 0.0688 0.0341 0.0357 0.0442 0.0545 0.118 0.0764 0.041 0.0358 0.0424 0.0398 0.0583 0.1193 0.0911 0.0555 0.0342 0.0567 0.045 0.0459 0.0651 0.1136 0.0731 0.0466 0.0539 0.0794 0.0482 0.0509 0.0887 0.0575 0.0446 0.0983 0.0876 0.0494 0.0625 0.0447 0.0673 0.1336 0.08 0.0507 0.0423 0.1086 0.1319 0.0413 0.0579 0.1383 0.0397 0.0858 0.051
1.000 -4.000 12 0.0676 0.0675 0.0437 0.0915 0.0289 0.0317 0.1319 0.0409 0.0 0.0377 0.1487 0.0638 0.0189 0.0191 0.0329 0.1292 0.069 0.0319 0.0189 0.0229 0.0316 0.1134 0.0667 0.0371 0.0299 0.0213 0.0248 0.0398 0.1133 0.0817 0.0461 0.0405 0.038 0.0227 0.0313 0.0498 0.1025 0.0635 0.0467 0.0646 0.0454 0.0242 0.039 0.0726 0.0513 0.0638 0.092 0.0393 0.0276 0.0535 0.054 0.1034 0.0926 0.0296 0.0501 0.0763 0.1329 0.0645 0.061 0.1105 0.116 0.0848 0.1297 0.112
3.000 -4.000 18 0.1002 0.1047 0.0744 0.1255 0.0693 0.0344 0.1576 0.0735 0.0377 0.0 0.1621 0.0824 0.0419 0.0148 0.0067 0.1291 0.0765 0.0463 0.0225 0.0084 0.0116 0.1084 0.0697 0.0488 0.0349 0.0124 0.0122 0.025 0.1125 0.0858 0.0581 0.0523 0.028 0.0124 0.0243 0.036 0.106 0.0732 0.0625 0.0629 0.0222 0.0199 0.034 0.0778 0.066 0.081 0.0648 0.0192 0.0263 0.0662 0.0757 0.1032 0.0444 0.0202 0.0718 0.097 0.0879 0.0252 0.0888 0.1021 0.05 0.101 0.0749 0.0914
-4.000 -3.000 24 0.1941 0.1667 0.2161 0.1226 0.1799 0.1963 0.0539 0.1225 0.1487 0.1621 0.0 0.058 0.0958 0.1091 0.1173 0.0225 0.0251 0.0499 0.0713 0.0848 0.0923 0.0305 0.0231 0.0315 0.0435 0.0731 0.0772 0.0922 0.0365 0.0386 0.0374 0.0392 0.0538 0.0838 0.0814 0.0936 0.057 0.0511 0.0489 0.0467 0.0894 0.0942 0.0886 0.0682 0.0519 0.0496 0.0716 0.1148 0.1001 0.0592 0.0495 0.0503 0.1072 0.1209 0.0537 0.0469 0.0567 0.1199 0.0499 0.0455 0.063 0.0458 0.0451 0.044
-2.000 -3.000 18 0.1413 0.1207 0.1214 0.0896 0.0907 0.0994 0.0566 0.0453 0.0638 0.0824 0.058 0.0 0.0341 0.0488 0.0581 0.0563 0.0221 0.0162 0.0326 0.0418 0.0482 0.0573 0.0321 0.0141 0.0215 0.043 0.0418 0.0558 0.0647 0.0524 0.0284 0.0185 0.0436 0.0555 0.0488 0.0612 0.0745 0.0478 0.0299 0.0329 0.0766 0.0648 0.0564 0.0625 0.0393 0.0297 0.0671 0.0976 0.0698 0.0461 0.032 0.0383 0.1115 0.0993 0.0372 0.0283 0.0616 0.1243 0.0307 0.0301 0.0857 0.0271 0.0382 0.0267
0.000 -3.000 12 0.0922 0.0854 0.0627 0.0906 0.0409 0.0494 0.1003 0.0285 0.0189 0.0419 0.0958 0.0341 0.0 0.0189 0.029 0.0746 0.036 0.013 0.0117 0.0184 0.0258 0.0682 0.0385 0.0182 0.0178 0.0207 0.0198 0.036 0.0788 0.0568 0.0305 0.0239 0.0391 0.0267 0.0263 0.043 0.08 0.0466 0.031 0.0494 0.061 0.0302 0.0322 0.0558 0.0362 0.0426 0.092 0.0657 0.0316 0.0388 0.0343 0.0784 0.1169 0.0567 0.0332 0.0476 0.1192 0.1077 0.0365 0.0769 0.1341 0.0501 0.1074 0.0735
2.000 -3.000 18 0.0909 0.0873 0.0665 0.103 0.0482 0.0377 0.1205 0.0461 0.0191 0.0148 0.1091 0.0488 0.0189 0.0 0.0084 0.0798 0.045 0.0259 0.0084 0.0048 0.0123 0.0733 0.0466 0.0315 0.0231 0.0063 0.0091 0.0255 0.0892 0.0673 0.0437 0.041 0.0247 0.0086 0.0191 0.0358 0.0893 0.0596 0.0519 0.0598 0.0243 0.0134 0.0268 0.0647 0.055 0.0738 0.0717 0.0201 0.0174 0.0552 0.0658 0.1002 0.0593 0.0155 0.0612 0.0909 0.1044 0.0342 0.0789 0.1058 0.074 0.0989 0.098 0.1033
4.000 -3.000 24 0.1157 0.1112 0.0832 0.1206 0.0692 0.0389 0.1352 0.0622 0.0329 0.0067 0.1173 0.0581 0.029 0.0084 0.0 0.0821 0.0497 0.0313 0.0112 0.0046 0.0077 0.077 0.0517 0.0378 0.0239 0.0077 0.0106 0.0217 0.0979 0.0751 0.0525 0.0479 0.0204 0.0129 0.0229 0.0315 0.0957 0.0681 0.062 0.0565 0.0187 0.0219 0.0309 0.0716 0.0665 0.0808 0.0494 0.0198 0.0272 0.0682 0.0794 0.0906 0.0341 0.0228 0.0786 0.0908 0.0667 0.0231 0.0885 0.0779 0.0346 0.082 0.0486 0.0596
-5.000 -2.000 30 0.2289 0.2033 0.2373 0.148 0.1964 0.1878 0.0757 0.1244 0.1292 0.1291 0.0225 0.0563 0.0746 0.0798 0.0821 0.0 0.0231 0.0387 0.051 0.0625 0.0671 0.011 0.0155 0.0318 0.038 0.0639 0.0674 0.0789 0.0183 0.0239 0.037 0.0468 0.0598 0.0871 0.0843 0.0917 0.039 0.0435 0.0507 0.0584 0.0975 0.1057 0.0984 0.06 0.047 0.0539 0.0755 0.1268 0.116 0.0573 0.0471 0.0525 0.1006 0.1327 0.0536 0.0453 0.0538 0.1053 0.05 0.0442 0.0549 0.0455 0.0436 0.0428
-3.000 -2.000 24 0.1905 0.1605 0.1558 0.118 0.1185 0.1088 0.058 0.0688 0.069 0.0765 0.0251 0.0221 0.036 0.045 0.0497 0.0231 0.0 0.0141 0.0285 0.0398 0.0448 0.0333 0.0145 0.0101 0.0169 0.044 0.0463 0.0583 0.0471 0.0371 0.0224 0.0202 0.0381 0.0635 0.0605 0.0691 0.0622 0.0395 0.0316 0.0322 0.0742 0.0787 0.0716 0.0552 0.0379 0.0325 0.0575 0.1012 0.0859 0.0426 0.0334 0.0352 0.0941 0.1072 0.0375 0.0309 0.0434 0.1061 0.0335 0.0301 0.0521 0.0304 0.0302 0.0287
-1.000 -2.000 18 0.122 0.116 0.0836 0.0972 0.0613 0.0612 0.0715 0.0341 0.0319 0.0463 0.0499 0.0162 0.013 0.0259 0.0313 0.0387 0.0141 0.0 0.0178 0.027 0.0319 0.0479 0.0237 0.0064 0.0105 0.0335 0.0328 0.0455 0.0668 0.0473 0.0212 0.0115 0.0361 0.0488 0.0442 0.0543 0.0712 0.0376 0.0214 0.0302 0.0709 0.061 0.0528 0.048 0.0274 0.0253 0.0709 0.0926 0.0653 0.032 0.0223 0.0418 0.114 0.0927 0.0246 0.0241 0.0721 0.1223 0.0213 0.0337 0.1001 0.0225 0.0504 0.0287
1.000 -2.000 18 0.0914 0.0878 0.0655 0.0959 0.0438 0.0442 0.0938 0.0357 0.0189 0.0225 0.0713 0.0326 0.0117 0.0084 0.0112 0.051 0.0285 0.0178 0.0 0.0063 0.0136 0.0612 0.0373 0.0238 0.0168 0.009 0.0098 0.026 0.0846 0.0622 0.0379 0.033 0.0284 0.0149 0.0179 0.0328 0.0812 0.0514 0.0416 0.0553 0.0424 0.0185 0.0226 0.055 0.0448 0.0589 0.0849 0.042 0.0198 0.0445 0.0522 0.0943 0.0921 0.035 0.0474 0.0723 0.1222 0.0721 0.0609 0.1 0.1121 0.08 0.1166 0.1002
3.000 -2.000 24 0.1024 0.0933 0.0735 0.1004 0.0527 0.0366 0.1071 0.0442 0.0229 0.0084 0.0848 0.0418 0.0184 0.0048 0.0046 0.0625 0.0398 0.027 0.0063 0.0 0.0106 0.0751 0.051 0.0377 0.0229 0.0034 0.0061 0.0234 0.1029 0.0785 0.055 0.0477 0.0189 0.0063 0.0164 0.0312 0.0966 0.0698 0.0637 0.0572 0.0157 0.0119 0.0231 0.0714 0.0668 0.0811 0.0541 0.0136 0.0159 0.0671 0.0779 0.0938 0.0363 0.0125 0.0756 0.0907 0.0719 0.0196 0.086 0.0851 0.0401 0.0862 0.0579 0.071
5.000 -2.000 30 0.1143 0.1061 0.0839 0.11 0.0648 0.0392 0.1176 0.0545 0.0316 0.0116 0.0923 0.0482 0.0258 0.0123 0.0077 0.0671 0.0448 0.0319 0.0136 0.0106 0.0 0.0829 0.0588 0.0461 0.0295 0.014 0.011 0.0129 0.1146 0.0892 0.0666 0.0586 0.0256 0.017 0.0172 0.0209 0.1057 0.0814 0.076 0.061 0.0221 0.0204 0.0218 0.0832 0.0808 0.0885 0.0455 0.0208 0.0217 0.0823 0.0881 0.0828 0.0283 0.0203 0.0867 0.0829 0.0514 0.021 0.0801 0.0576 0.0264 0.0594 0.0322 0.0372
-6.000 -1.000 36 0.2365 0.208 0.2342 0.1539 0.1888 0.1669 0.0806 0.118 0.1134 0.1084 0.0305 0.0573 0.0682 0.0733 0.077 0.011 0.0333 0.0479 0.0612 0.0751 0.0829 0.0 0.0239 0.0506 0.0604 0.089 0.0965 0.1088 0.0073 0.017 0.045 0.0657 0.0832 0.1187 0.1194 0.1272 0.0241 0.0406 0.0529 0.0681 0.1167 0.1342 0.1326 0.0518 0.0455 0.0509 0.072 0.136 0.1397 0.059 0.0457 0.0462 0.0839 0.1286 0.062 0.0437 0.0445 0.078 0.0594 0.0421 0.043 0.0542 0.0409 0.0504
-4.000 -1.000 30 0.2067 0.1815 0.1637 0.1293 0.1283 0.1044 0.0637 0.0764 0.0667 0.0697 0.0231 0.0321 0.0385 0.0466 0.0517 0.0155 0.0145 0.0237 0.0373 0.051 0.0588 0.0239 0.0 0.0224 0.0307 0.0608 0.0676 0.08 0.0367 0.0216 0.0201 0.035 0.053 0.0866 0.0868 0.0949 0.0462 0.027 0.0315 0.0427 0.0895 0.1017 0.0985 0.0425 0.0269 0.0322 0.0555 0.1141 0.1097 0.0322 0.0255 0.0304 0.0786 0.1156 0.0291 0.023 0.0321 0.0803 0.0263 0.0225 0.0332 0.0218 0.0223 0.0205
-2.000 -1.000 24 0.1437 0.1321 0.0982 0.1025 0.0735 0.0648 0.0574 0.041 0.0371 0.0488 0.0315 0.0141 0.0182 0.0315 0.0378 0.0318 0.0101 0.0064 0.0238 0.0377 0.0461 0.0506 0.0224 0.0 0.0115 0.0454 0.0512 0.0641 0.0687 0.0435 0.0159 0.0104 0.0339 0.0654 0.0654 0.0744 0.064 0.0302 0.0181 0.023 0.0706 0.0773 0.074 0.0394 0.0218 0.0186 0.0516 0.0978 0.0854 0.0255 0.0173 0.0232 0.0869 0.1019 0.0198 0.0157 0.0348 0.0979 0.0157 0.0163 0.0459 0.0142 0.0183 0.0139
0.000 -1.000 18 0.1061 0.1028 0.073 0.096 0.0519 0.0549 0.0713 0.0358 0.0299 0.0349 0.0435 0.0215 0.0178 0.0231 0.0239 0.038 0.0169 0.0105 0.0168 0.0229 0.0295 0.0604 0.0307 0.0115 0.0 0.0284 0.0286 0.041 0.0828 0.0537 0.0254 0.0134 0.0262 0.0414 0.039 0.0483 0.0688 0.0354 0.0217 0.0314 0.0589 0.0491 0.0449 0.037 0.0237 0.0294 0.0707 0.074 0.0525 0.0238 0.023 0.0559 0.1028 0.0752 0.0207 0.0329 0.0872 0.1075 0.0249 0.0518 0.1042 0.034 0.0724 0.0477
2.000 -1.000 24 0.0936 0.0897 0.0681 0.0978 0.0473 0.0373 0.0929 0.0424 0.0213 0.0124 0.0731 0.043 0.0207 0.0063 0.0077 0.0639 0.044 0.0335 0.009 0.0034 0.014 0.089 0.0608 0.0454 0.0284 0.0 0.0063 0.024 0.1147 0.0854 0.0602 0.0506 0.0196 0.006 0.0131 0.0275 0.0972 0.0687 0.0609 0.0574 0.0217 0.0097 0.0165 0.0685 0.0645 0.0734 0.0629 0.0205 0.0112 0.0632 0.0732 0.0908 0.0556 0.0156 0.0695 0.0883 0.0897 0.0358 0.0803 0.0904 0.0669 0.0884 0.0813 0.0848
4.000 -1.000 30 0.1036 0.0922 0.0755 0.0965 0.052 0.0371 0.0954 0.0398 0.0248 0.0122 0.0772 0.0418 0.0198 0.0091 0.0106 0.0674 0.0463 0.0328 0.0098 0.0061 0.011 0.0965 0.0676 0.0512 0.0286 0.0063 0.0 0.0172 0.126 0.0957 0.0709 0.0591 0.0194 0.0058 0.0094 0.0214 0.1067 0.0808 0.0733 0.0578 0.0123 0.0085 0.0148 0.081 0.0781 0.0841 0.0416 0.0095 0.0108 0.0778 0.0815 0.0768 0.022 0.0086 0.079 0.0755 0.0469 0.011 0.0727 0.0533 0.02 0.0554 0.0283 0.0344
6.000 -1.000 36 0.1234 0.1134 0.0929 0.1149 0.0728 0.0458 0.1132 0.0583 0.0398 0.025 0.0922 0.0558 0.036 0.0255 0.0217 0.0789 0.0583 0.0455 0.026 0.0234 0.0129 0.1088 0.08 0.0641 0.041 0.024 0.0172 0.0 0.1404 0.1098 0.0855 0.0731 0.0317 0.0204 0.0101 0.007 0.1195 0.0955 0.0878 0.067 0.0224 0.0151 0.009 0.0942 0.0906 0.0908 0.0389 0.0159 0.0113 0.0889 0.086 0.0701 0.0199 0.012 0.0802 0.0653 0.0351 0.0121 0.0582 0.036 0.0153 0.0341 0.0172 0.0176
-7.000 0.000 42 0.2442 0.2107 0.2357 0.1558 0.1869 0.1605 0.0809 0.1193 0.1133 0.1125 0.0365 0.0647 0.0788 0.0892 0.0979 0.0183 0.0471 0.0668 0.0846 0.1029 0.1146 0.0073 0.0367 0.0687 0.0828 0.1147 0.126 0.1404 0.0 0.0241 0.0576 0.0781 0.0952 0.1377 0.1416 0.1505 0.0168 0.0494 0.059 0.069 0.1162 0.1409 0.143 0.0493 0.0552 0.0537 0.0667 0.1238 0.1328 0.0661 0.0587 0.0519 0.0721 0.1088 0.0798 0.0589 0.0514 0.0664 0.084 0.0593 0.0516 0.0826 0.0607 0.082
-5.000 0.000 36 0.2264 0.1985 0.1802 0.1449 0.1442 0.1165 0.0798 0.0911 0.0817 0.0858 0.0386 0.0524 0.0568 0.0673 0.0751 0.0239 0.0371 0.0473 0.0622 0.0785 0.0892 0.017 0.0216 0.0435 0.0537 0.0854 0.0957 0.1098 0.0241 0.0 0.027 0.0454 0.0634 0.1056 0.109 0.1177 0.0255 0.0186 0.0277 0.0394 0.0889 0.1113 0.1124 0.0315 0.021 0.023 0.0422 0.101 0.1078 0.0312 0.0196 0.0177 0.049 0.09 0.0317 0.0165 0.017 0.044 0.0278 0.0156 0.0164 0.0239 0.015 0.0209
-3.000 0.000 30 0.1685 0.1518 0.1126 0.1156 0.0878 0.0734 0.0604 0.0555 0.0461 0.0581 0.0374 0.0284 0.0305 0.0437 0.0525 0.037 0.0224 0.0212 0.0379 0.055 0.0666 0.045 0.0201 0.0159 0.0254 0.0602 0.0709 0.0855 0.0576 0.027 0.0 0.0181 0.0399 0.0821 0.0849 0.0935 0.0437 0.0117 0.0102 0.0215 0.0729 0.0909 0.0906 0.0217 0.0078 0.0111 0.0359 0.0919 0.0928 0.0121 0.0071 0.0113 0.0541 0.0914 0.009 0.0066 0.0126 0.055 0.0079 0.0052 0.0143 0.0062 0.0054 0.0044
-1.000 0.000 24 0.121 0.1152 0.0831 0.0949 0.0612 0.0651 0.0601 0.0342 0.0405 0.0523 0.0392 0.0185 0.0239 0.041 0.0479 0.0468 0.0202 0.0115 0.033 0.0477 0.0586 0.0657 0.035 0.0104 0.0134 0.0506 0.0591 0.0731 0.0781 0.0454 0.0181 0.0 0.0314 0.0698 0.0704 0.0783 0.0527 0.0219 0.0085 0.0142 0.0658 0.0762 0.0742 0.0232 0.0104 0.0091 0.0448 0.0867 0.0788 0.0122 0.0066 0.018 0.0776 0.0939 0.0079 0.0068 0.0333 0.09 0.0058 0.0111 0.0469 0.0055 0.0173 0.008
1.000 0.000 24 0.1106 0.1125 0.0792 0.1083 0.0645 0.0545 0.0818 0.0567 0.038 0.028 0.0538 0.0436 0.0391 0.0247 0.0204 0.0598 0.0381 0.0361 0.0284 0.0189 0.0256 0.0832 0.053 0.0339 0.0262 0.0196 0.0194 0.0317 0.0952 0.0634 0.0399 0.0314 0.0 0.0217 0.0214 0.0301 0.0668 0.0417 0.0353 0.0322 0.0289 0.0253 0.0242 0.0392 0.0335 0.0425 0.0528 0.0408 0.0266 0.0296 0.0374 0.0622 0.0697 0.0392 0.0326 0.049 0.0807 0.0638 0.0402 0.0628 0.0794 0.0515 0.0716 0.0603
3.000 0.000 30 0.0955 0.0893 0.0696 0.101 0.0468 0.0356 0.101 0.045 0.0227 0.0124 0.0838 0.0555 0.0267 0.0086 0.0129 0.0871 0.0635 0.0488 0.0149 0.0063 0.017 0.1187 0.0866 0.0654 0.0414 0.006 0.0058 0.0204 0.1377 0.1056 0.0821 0.0698 0.0217 0.0 0.0085 0.0197 0.1066 0.0838 0.0774 0.0597 0.0097 0.0038 0.0101 0.0799 0.0754 0.0783 0.042 0.0071 0.0053 0.0761 0.0794 0.0716 0.0251 0.0053 0.0747 0.0741 0.0501 0.0127 0.0696 0.0584 0.0266 0.0584 0.036 0.0431
5.000 0.000 36 0.1128 0.0989 0.0848 0.1007 0.0596 0.0428 0.0984 0.0459 0.0313 0.0243 0.0814 0.0488 0.0263 0.0191 0.0229 0.0843 0.0605 0.0442 0.0179 0.0164 0.0172 0.1194 0.0868 0.0654 0.039 0.0131 0.0094 0.0101 0.1416 0.109 0.0849 0.0704 0.0214 0.0085 0.0 0.009 0.1105 0.0891 0.0819 0.0583 0.0109 0.0048 0.0048 0.0849 0.0796 0.0778 0.0325 0.006 0.0042 0.0777 0.074 0.0598 0.0128 0.0043 0.0664 0.0536 0.0272 0.0054 0.0474 0.028 0.0088 0.0269 0.0111 0.0125
7.000 0.000 42 0.1337 0.1207 0.1022 0.1206 0.0813 0.0566 0.1157 0.0651 0.0498 0.036 0.0936 0.0612 0.043 0.0358 0.0315 0.0917 0.0691 0.0543 0.0328 0.0312 0.0209 0.1272 0.0949 0.0744 0.0483 0.0275 0.0214 0.007 0.1505 0.1177 0.0935 0.0783 0.0301 0.0197 0.009 0.0 0.1178 0.097 0.089 0.0623 0.0171 0.0102 0.0032 0.0906 0.0842 0.0797 0.0319 0.0092 0.0054 0.0786 0.071 0.0533 0.0109 0.0063 0.0587 0.0429 0.0205 0.0066 0.0338 0.0183 0.008 0.0152 0.0081 0.0077
-6.000 1.000 36 0.25 0.2189 0.2014 0.1644 0.1655 0.133 0.0936 0.1136 0.1025 0.106 0.057 0.0745 0.08 0.0893 0.0957 0.039 0.0622 0.0712 0.0812 0.0966 0.1057 0.0241 0.0462 0.064 0.0688 0.0972 0.1067 0.1195 0.0168 0.0255 0.0437 0.0527 0.0668 0.1066 0.1105 0.1178 0.0 0.0315 0.0335 0.0365 0.0796 0.105 0.106 0.0267 0.031 0.0275 0.0349 0.0872 0.0934 0.04 0.0315 0.0257 0.0423 0.07 0.0501 0.0304 0.0235 0.0348 0.053 0.0316 0.0247 0.0517 0.0326 0.0498
-4.000 1.000 30 0.1976 0.1798 0.1358 0.1376 0.1109 0.09 0.0806 0.0731 0.0635 0.0732 0.0511 0.0478 0.0466 0.0596 0.0681 0.0435 0.0395 0.0376 0.0514 0.0698 0.0814 0.0406 0.027 0.0302 0.0354 0.0687 0.0808 0.0955 0.0494 0.0186 0.0117 0.0219 0.0417 0.0838 0.0891 0.097 0.0315 0.0 0.0078 0.0149 0.0636 0.0885 0.0892 0.0127 0.004 0.0054 0.0192 0.0744 0.0804 0.0101 0.0045 0.0043 0.0296 0.0608 0.0122 0.0044 0.0041 0.0246 0.0116 0.0037 0.0043 0.009 0.0035 0.007
-2.000 1.000 24 0.14 0.1336 0.0925 0.1065 0.0728 0.0722 0.0673 0.0466 0.0467 0.0625 0.0489 0.0299 0.031 0.0519 0.062 0.0507 0.0316 0.0214 0.0416 0.0637 0.076 0.0529 0.0315 0.0181 0.0217 0.0609 0.0733 0.0878 0.059 0.0277 0.0102 0.0085 0.0353 0.0774 0.0819 0.089 0.0335 0.0078 0.0 0.0091 0.0639 0.0848 0.0838 0.0115 0.0022 0.0022 0.0233 0.0781 0.0804 0.0055 0.0011 0.0036 0.0408 0.0708 0.0037 0.0011 0.0067 0.0414 0.0023 0.0011 0.0085 0.0013 0.0012 0.0009
0.000 1.000 18 0.1305 0.1239 0.1028 0.1063 0.0778 0.0866 0.0641 0.0539 0.0646 0.0629 0.0467 0.0329 0.0494 0.0598 0.0565 0.0584 0.0322 0.0302 0.0553 0.0572 0.061 0.0681 0.0427 0.023 0.0314 0.0574 0.0578 0.067 0.069 0.0394 0.0215 0.0142 0.0322 0.0597 0.0583 0.0623 0.0365 0.0149 0.0091 0.0 0.0528 0.0605 0.0558 0.0133 0.0066 0.0082 0.0307 0.0664 0.0589 0.0073 0.0055 0.0175 0.0599 0.0659 0.0055 0.008 0.0326 0.0654 0.0056 0.0128 0.0421 0.0073 0.0205 0.0099
2.000 1.000 24 0.1164 0.1241 0.0845 0.1357 0.0763 0.0479 0.1156 0.0794 0.0454 0.0222 0.0894 0.0766 0.061 0.0243 0.0187 0.0975 0.0742 0.0709 0.0424 0.0157 0.0221 0.1167 0.0895 0.0706 0.0589 0.0217 0.0123 0.0224 0.1162 0.0889 0.0729 0.0658 0.0289 0.0097 0.0109 0.0171 0.0796 0.0636 0.0639 0.0528 0.0 0.0071 0.0088 0.0574 0.0552 0.0606 0.0327 0.0112 0.0071 0.0518 0.0529 0.056 0.0299 0.0109 0.0485 0.0509 0.0484 0.0226 0.0468 0.0467 0.0361 0.0439 0.0396 0.0399
4.000 1.000 30 0.0996 0.0901 0.0736 0.1027 0.0495 0.04 0.1072 0.0482 0.0242 0.0199 0.0942 0.0648 0.0302 0.0134 0.0219 0.1057 0.0787 0.061 0.0185 0.0119 0.0204 0.1342 0.1017 0.0773 0.0491 0.0097 0.0085 0.0151 0.1409 0.1113 0.0909 0.0762 0.0253 0.0038 0.0048 0.0102 0.105 0.0885 0.0848 0.0605 0.0071 0.0 0.0042 0.0795 0.0752 0.0743 0.0298 0.0023 0.0016 0.0677 0.0627 0.0515 0.0107 0.0014 0.0572 0.0477 0.0244 0.0036 0.0406 0.0263 0.0084 0.0247 0.0116 0.013
6.000 1.000 36 0.1221 0.1041 0.0935 0.101 0.0664 0.0523 0.1022 0.0509 0.039 0.034 0.0886 0.0564 0.0322 0.0268 0.0309 0.0984 0.0716 0.0528 0.0226 0.0231 0.0218 0.1326 0.0985 0.074 0.0449 0.0165 0.0148 0.009 0.143 0.1124 0.0906 0.0742 0.0242 0.0101 0.0048 0.0032 0.106 0.0892 0.0838 0.0558 0.0088 0.0042 0.0 0.0789 0.0738 0.0712 0.0247 0.0039 0.0021 0.0629 0.056 0.0431 0.0074 0.003 0.0452 0.0335 0.0157 0.0036 0.0246 0.0133 0.005 0.0107 0.0051 0.0049
-5.000 2.000 30 0.2194 0.1996 0.1517 0.154 0.1268 0.097 0.0989 0.0887 0.0726 0.0778 0.0682 0.0625 0.0558 0.0647 0.0716 0.06 0.0552 0.048 0.055 0.0714 0.0832 0.0518 0.0425 0.0394 0.037 0.0685 0.081 0.0942 0.0493 0.0315 0.0217 0.0232 0.0392 0.0799 0.0849 0.0906 0.0267 0.0127 0.0115 0.0133 0.0574 0.0795 0.0789 0.0 0.0101 0.0081 0.0131 0.063 0.066 0.0149 0.0126 0.0089 0.0222 0.0446 0.0262 0.0149 0.0105 0.0188 0.0304 0.0154 0.0107 0.0297 0.0164 0.028
-3.000 2.000 24 0.1608 0.1511 0.1029 0.1206 0.083 0.0762 0.0719 0.0575 0.0513 0.066 0.0519 0.0393 0.0362 0.055 0.0665 0.047 0.0379 0.0274 0.0448 0.0668 0.0808 0.0455 0.0269 0.0218 0.0237 0.0645 0.0781 0.0906 0.0552 0.021 0.0078 0.0104 0.0335 0.0754 0.0796 0.0842 0.031 0.004 0.0022 0.0066 0.0552 0.0752 0.0738 0.0101 0.0 0.0011 0.0105 0.0619 0.064 0.0052 0.0012 0.0011 0.0205 0.0446 0.0055 0.0014 0.0018 0.016 0.0052 0.0013 0.0018 0.0037 0.0011 0.0026
-1.000 2.000 18 0.1309 0.1233 0.1001 0.101 0.0737 0.0915 0.0664 0.0446 0.0638 0.081 0.0496 0.0297 0.0426 0.0738 0.0808 0.0539 0.0325 0.0253 0.0589 0.0811 0.0885 0.0509 0.0322 0.0186 0.0294 0.0734 0.0841 0.0908 0.0537 0.023 0.0111 0.0091 0.0425 0.0783 0.0778 0.0797 0.0275 0.0054 0.0022 0.0082 0.0606 0.0743 0.0712 0.0081 0.0011 0.0 0.0175 0.0678 0.0662 0.004 0.0003 0.0021 0.0311 0.0534 0.0019 0.0003 0.0054 0.0287 0.0009 0.0007 0.0068 0.0004 0.0011 0.0003
1.000 2.000 18 0.1622 0.1614 0.129 0.1401 0.1166 0.0981 0.0972 0.0983 0.092 0.0648 0.0716 0.0671 0.092 0.0717 0.0494 0.0755 0.0575 0.0709 0.0849 0.0541 0.0455 0.072 0.0555 0.0516 0.0707 0.0629 0.0416 0.0389 0.0667 0.0422 0.0359 0.0448 0.0528 0.042 0.0325 0.0319 0.0349 0.0192 0.0233 0.0307 0.0327 0.0298 0.0247 0.0131 0.0105 0.0175 0.0 0.0299 0.0219 0.0099 0.0099 0.0149 0.0243 0.0262 0.0083 0.0101 0.0182 0.0278 0.0078 0.011 0.0209 0.008 0.0114 0.0084
3.000 2.000 24 0.1084 0.1199 0.0782 0.1451 0.0694 0.0421 0.1357 0.0876 0.0393 0.0192 0.1148 0.0976 0.0657 0.0201 0.0198 0.1268 0.1012 0.0926 0.042 0.0136 0.0208 0.136 0.1141 0.0978 0.074 0.0205 0.0095 0.0159 0.1238 0.101 0.0919 0.0867 0.0408 0.0071 0.006 0.0092 0.0872 0.0744 0.0781 0.0664 0.0112 0.0023 0.0039 0.063 0.0619 0.0678 0.0299 0.0 0.0014 0.0505 0.0482 0.0434 0.01 0.0015 0.0389 0.0338 0.0221 0.0049 0.0296 0.0211 0.0102 0.0202 0.0122 0.0131
5.000 2.000 30 0.1044 0.09 0.079 0.0994 0.052 0.0422 0.1068 0.0494 0.0276 0.0263 0.1001 0.0698 0.0316 0.0174 0.0272 0.116 0.0859 0.0653 0.0198 0.0159 0.0217 0.1397 0.1097 0.0854 0.0525 0.0112 0.0108 0.0113 0.1328 0.1078 0.0928 0.0788 0.0266 0.0053 0.0042 0.0054 0.0934 0.0804 0.0804 0.0589 0.0071 0.0016 0.0021 0.066 0.064 0.0662 0.0219 0.0014 0.0 0.0487 0.0448 0.037 0.0054 0.001 0.0314 0.0244 0.0125 0.0018 0.0175 0.0103 0.0033 0.0078 0.0035 0.0033
-4.000 3.000 24 0.176 0.1654 0.111 0.1312 0.0916 0.0761 0.081 0.0625 0.0535 0.0662 0.0592 0.0461 0.0388 0.0552 0.0682 0.0573 0.0426 0.032 0.0445 0.0671 0.0823 0.059 0.0322 0.0255 0.0238 0.0632 0.0778 0.0889 0.0661 0.0312 0.0121 0.0122 0.0296 0.0761 0.0777 0.0786 0.04 0.0101 0.0055 0.0073 0.0518 0.0677 0.0629 0.0149 0.0052 0.004 0.0099 0.0505 0.0487 0.0 0.0055 0.0035 0.0131 0.0303 0.0109 0.0067 0.0045 0.0108 0.0147 0.0073 0.0052 0.0141 0.0067 0.0121
-2.000 3.000 18 0.1333 0.1289 0.0915 0.1037 0.0696 0.0814 0.0667 0.0447 0.054 0.0757 0.0495 0.032 0.0343 0.0658 0.0794 0.0471 0.0334 0.0223 0.0522 0.0779 0.0881 0.0457 0.0255 0.0173 0.023 0.0732 0.0815 0.086 0.0587 0.0196 0.0071 0.0066 0.0374 0.0794 0.074 0.071 0.0315 0.0045 0.0011 0.0055 0.0529 0.0627 0.056 0.0126 0.0012 0.0003 0.0099 0.0482 0.0448 0.0055 0.0 0.0003 0.0137 0.0304 0.0025 0.0003 0.0009 0.0103 0.0018 0.0003 0.001 0.0011 0.0002 0.0006
0.000 3.000 12 0.1586 0.1406 0.1393 0.1111 0.106 0.1258 0.0656 0.0673 0.1034 0.1032 0.0503 0.0383 0.0784 0.1002 0.0906 0.0525 0.0352 0.0418 0.0943 0.0938 0.0828 0.0462 0.0304 0.0232 0.0559 0.0908 0.0768 0.0701 0.0519 0.0177 0.0113 0.018 0.0622 0.0716 0.0598 0.0533 0.0257 0.0043 0.0036 0.0175 0.056 0.0515 0.0431 0.0089 0.0011 0.0021 0.0149 0.0434 0.037 0.0035 0.0003 0.0 0.0182 0.0303 0.0013 0.0002 0.0028 0.0154 0.0004 0.0004 0.0039 0.0002 0.0007 0.0001
2.000 3.000 18 0.168 0.1849 0.1265 0.1825 0.1314 0.0795 0.1404 0.1336 0.0926 0.0444 0.1072 0.1115 0.1169 0.0593 0.0341 0.1006 0.0941 0.114 0.0921 0.0363 0.0283 0.0839 0.0786 0.0869 0.1028 0.0556 0.022 0.0199 0.0721 0.049 0.0541 0.0776 0.0697 0.0251 0.0128 0.0109 0.0423 0.0296 0.0408 0.0599 0.0299 0.0107 0.0074 0.0222 0.0205 0.0311 0.0243 0.01 0.0054 0.0131 0.0137 0.0182 0.0 0.0049 0.0092 0.0093 0.008 0.0051 0.0064 0.006 0.0049 0.0047 0.004 0.0035
4.000 3.000 24 0.0993 0.1061 0.0715 0.1351 0.0584 0.0387 0.1345 0.08 0.0296 0.0202 0.1209 0.0993 0.0567 0.0155 0.0228 0.1327 0.1072 0.0927 0.035 0.0125 0.0203 0.1286 0.1156 0.1019 0.0752 0.0156 0.0086 0.012 0.1088 0.09 0.0914 0.0939 0.0392 0.0053 0.0043 0.0063 0.07 0.0608 0.0708 0.0659 0.0109 0.0014 0.003 0.0446 0.0446 0.0534 0.0262 0.0015 0.001 0.0303 0.0304 0.0303 0.0049 0.0 0.0186 0.0161 0.0099 0.0011 0.0102 0.0068 0.0026 0.0052 0.0026 0.0024
-3.000 4.000 18 0.1449 0.1406 0.092 0.1137 0.0721 0.0766 0.0688 0.0507 0.0501 0.0718 0.0537 0.0372 0.0332 0.0612 0.0786 0.0536 0.0375 0.0246 0.0474 0.0756 0.0867 0.062 0.0291 0.0198 0.0207 0.0695 0.079 0.0802 0.0798 0.0317 0.009 0.0079 0.0326 0.0747 0.0664 0.0587 0.0501 0.0122 0.0037 0.0055 0.0485 0.0572 0.0452 0.0262 0.0055 0.0019 0.0083 0.0389 0.0314 0.0109 0.0025 0.0013 0.0092 0.0186 0.0 0.0018 0.001 0.0054 0.0039 0.0018 0.0012 0.0038 0.0018 0.0032
-1.000 4.000 12 0.1306 0.1194 0.1089 0.0963 0.0755 0.1075 0.0628 0.0423 0.0763 0.097 0.0469 0.0283 0.0476 0.0909 0.0908 0.0453 0.0309 0.0241 0.0723 0.0907 0.0829 0.0437 0.023 0.0157 0.0329 0.0883 0.0755 0.0653 0.0589 0.0165 0.0066 0.0068 0.049 0.0741 0.0536 0.0429 0.0304 0.0044 0.0011 0.008 0.0509 0.0477 0.0335 0.0149 0.0014 0.0003 0.0101 0.0338 0.0244 0.0067 0.0003 0.0002 0.0093 0.0161 0.0018 0.0 0.0004 0.0057 0.0005 0.0 0.0005 0.0002 0.0 0.0001
1.000 4.000 12 0.1982 0.1819 0.1701 0.1402 0.149 0.1319 0.0834 0.1086 0.1329 0.0879 0.0567 0.0616 0.1192 0.1044 0.0667 0.0538 0.0434 0.0721 0.1222 0.0719 0.0514 0.0445 0.0321 0.0348 0.0872 0.0897 0.0469 0.0351 0.0514 0.017 0.0126 0.0333 0.0807 0.0501 0.0272 0.0205 0.0235 0.0041 0.0067 0.0326 0.0484 0.0244 0.0157 0.0105 0.0018 0.0054 0.0182 0.0221 0.0125 0.0045 0.0009 0.0028 0.008 0.0099 0.001 0.0004 0.0 0.0049 0.0003 0.0002 0.001 0.0001 0.0002 0.0001
3.000 4.000 18 0.1373 0.167 0.0962 0.187 0.1067 0.0524 0.1524 0.1319 0.0645 0.0252 0.1199 0.1243 0.1077 0.0342 0.0231 0.1053 0.1061 0.1223 0.0721 0.0196 0.021 0.078 0.0803 0.0979 0.1075 0.0358 0.011 0.0121 0.0664 0.044 0.055 0.09 0.0638 0.0127 0.0054 0.0066 0.0348 0.0246 0.0414 0.0654 0.0226 0.0036 0.0036 0.0188 0.016 0.0287 0.0278 0.0049 0.0018 0.0108 0.0103 0.0154 0.0051 0.0011 0.0054 0.0057 0.0049 0.0 0.0028 0.0024 0.0011 0.0014 0.0009 0.0007
-2.000 5.000 12 0.1272 0.1229 0.0931 0.0988 0.0671 0.0921 0.0643 0.0413 0.061 0.0888 0.0499 0.0307 0.0365 0.0789 0.0885 0.05 0.0335 0.0213 0.0609 0.086 0.0801 0.0594 0.0263 0.0157 0.0249 0.0803 0.0727 0.0582 0.084 0.0278 0.0079 0.0058 0.0402 0.0696 0.0474 0.0338 0.053 0.0116 0.0023 0.0056 0.0468 0.0406 0.0246 0.0304 0.0052 0.0009 0.0078 0.0296 0.0175 0.0147 0.0018 0.0004 0.0064 0.0102 0.0039 0.0005 0.0003 0.0028 0.0 0.0002 0.0002 0.0005 0.0002 0.0004
0.000 5.000 6 0.1575 0.1322 0.1459 0.0991 0.1046 0.1325 0.0571 0.0579 0.1105 0.1021 0.0455 0.0301 0.0769 0.1058 0.0779 0.0442 0.0301 0.0337 0.1 0.0851 0.0576 0.0421 0.0225 0.0163 0.0518 0.0904 0.0533 0.036 0.0593 0.0156 0.0052 0.0111 0.0628 0.0584 0.028 0.0183 0.0316 0.0037 0.0011 0.0128 0.0467 0.0263 0.0133 0.0154 0.0013 0.0007 0.011 0.0211 0.0103 0.0073 0.0003 0.0004 0.006 0.0068 0.0018 0.0 0.0002 0.0024 0.0002 0.0 0.0002 0.0 0.0 0.0
2.000 5.000 12 0.1957 0.2049 0.1493 0.1721 0.156 0.094 0.1041 0.1383 0.116 0.05 0.063 0.0857 0.1341 0.074 0.0346 0.0549 0.0521 0.1001 0.1121 0.0401 0.0264 0.043 0.0332 0.0459 0.1042 0.0669 0.02 0.0153 0.0516 0.0164 0.0143 0.0469 0.0794 0.0266 0.0088 0.008 0.0247 0.0043 0.0085 0.0421 0.0361 0.0084 0.005 0.0107 0.0018 0.0068 0.0209 0.0102 0.0033 0.0052 0.001 0.0039 0.0049 0.0026 0.0012 0.0005 0.001 0.0011 0.0002 0.0002 0.0 0.0 0.0 0.0
-1.000 6.000 6 0.1297 0.1156 0.1158 0.0926 0.0762 0.1175 0.0604 0.0397 0.0848 0.101 0.0458 0.0271 0.0501 0.0989 0.082 0.0455 0.0304 0.0225 0.08 0.0862 0.0594 0.0542 0.0218 0.0142 0.034 0.0884 0.0554 0.0341 0.0826 0.0239 0.0062 0.0055 0.0515 0.0584 0.0269 0.0152 0.0517 0.009 0.0013 0.0073 0.0439 0.0247 0.0107 0.0297 0.0037 0.0004 0.008 0.0202 0.0078 0.0141 0.0011 0.0002 0.0047 0.0052 0.0038 0.0002 0.0001 0.0014 0.0005 0.0 0.0 0.0 0.0 0.0
1.000 6.000 6 0.1914 0.1628 0.1674 0.1113 0.1396 0.1256 0.0608 0.0858 0.1297 0.0749 0.0451 0.0382 0.1074 0.098 0.0486 0.0436 0.0302 0.0504 0.1166 0.0579 0.0322 0.0409 0.0223 0.0183 0.0724 0.0813 0.0283 0.0172 0.0607 0.015 0.0054 0.0173 0.0716 0.036 0.0111 0.0081 0.0326 0.0035 0.0012 0.0205 0.0396 0.0116 0.0051 0.0164 0.0011 0.0011 0.0114 0.0122 0.0035 0.0067 0.0002 0.0007 0.004 0.0026 0.0018 0.0 0.0002 0.0009 0.0002 0.0 0.0 0.0 0.0 0.0
0.000 7.000 0 0.1539 0.1247 0.1473 0.0923 0.1009 0.1314 0.054 0.051 0.112 0.0914 0.044 0.0267 0.0735 0.1033 0.0596 0.0428 0.0287 0.0287 0.1002 0.071 0.0372 0.0504 0.0205 0.0139 0.0477 0.0848 0.0344 0.0176 0.082 0.0209 0.0044 0.008 0.0603 0.0431 0.0125 0.0077 0.0498 0.007 0.0009 0.0099 0.0399 0.013 0.0049 0.028 0.0026 0.0003 0.0084 0.0131 0.0033 0.0121 0.0006 0.0001 0.0035 0.0024 0.0032 0.0001 0.0001 0.0007 0.0004 0.0 0.0 0.0 0.0 0.0