n 64
m 4
tmax 8.8
0.000 -7.000 0 0.0 0.007 0.009 0.0201 0.0188 0.0247 0.065 0.0386 0.0406 0.0386 0.098 0.079 0.0653 0.0562 0.0589 0.095 0.0979 0.0917 0.0801 0.0696 0.0781 0.0924 0.0939 0.0956 0.1027 0.0844 0.0784 0.0808 0.0937 0.092 0.095 0.1083 0.1104 0.0933 0.0789 0.0805 0.0972 0.0933 0.1031 0.1318 0.1274 0.0955 0.0794 0.1022 0.1031 0.1307 0.1606 0.1381 0.0992 0.1237 0.1242 0.1699 0.1804 0.146 0.1476 0.1632 0.2066 0.1924 0.1712 0.2121 0.2304 0.2059 0.25 0.2438
-1.000 -6.000 6 0.007 0.0 0.0188 0.0148 0.0168 0.0393 0.0632 0.0319 0.0451 0.057 0.0881 0.0737 0.0622 0.0674 0.0786 0.0885 0.0851 0.0866 0.0832 0.0834 0.0951 0.0843 0.0846 0.0863 0.0965 0.0956 0.0929 0.0952 0.0813 0.0815 0.0807 0.0974 0.1126 0.1084 0.094 0.093 0.0812 0.0817 0.0888 0.1212 0.1391 0.1158 0.0951 0.0901 0.0879 0.1129 0.1574 0.1583 0.1244 0.1098 0.1055 0.1513 0.1886 0.1736 0.1302 0.1394 0.1965 0.2104 0.1502 0.1869 0.2329 0.1792 0.2321 0.2124
1.000 -6.000 6 0.009 0.0188 0.0 0.0381 0.0187 0.0141 0.0891 0.0468 0.0291 0.0272 0.1188 0.0877 0.0585 0.04 0.0477 0.1111 0.104 0.0892 0.0621 0.0519 0.0659 0.1053 0.0991 0.102 0.0851 0.0638 0.0619 0.0679 0.1035 0.0969 0.0984 0.1003 0.088 0.071 0.0625 0.0657 0.0999 0.0977 0.1059 0.1154 0.102 0.0736 0.062 0.1099 0.1063 0.1248 0.1382 0.1108 0.0778 0.13 0.1256 0.1566 0.1526 0.1179 0.1501 0.1612 0.1853 0.1604 0.1746 0.2019 0.2015 0.2053 0.2309 0.2359
-2.000 -5.000 12 0.0201 0.0148 0.0381 0.0 0.0319 0.0631 0.0469 0.0371 0.0648 0.0833 0.0615 0.0602 0.0735 0.0904 0.1039 0.0551 0.0586 0.0735 0.0967 0.1053 0.1165 0.0478 0.0512 0.0608 0.0885 0.1104 0.115 0.1144 0.0452 0.0437 0.0509 0.0725 0.1083 0.1284 0.1176 0.1108 0.0441 0.0505 0.0557 0.0992 0.1429 0.1423 0.12 0.052 0.0559 0.0785 0.1369 0.1716 0.1564 0.0773 0.0679 0.1164 0.1762 0.1946 0.0976 0.1001 0.1615 0.2084 0.112 0.1434 0.2063 0.1351 0.1856 0.1626
0.000 -5.000 6 0.0188 0.0168 0.0187 0.0319 0.0 0.0291 0.082 0.0287 0.0265 0.0423 0.0965 0.0685 0.0451 0.046 0.0611 0.0888 0.0773 0.0699 0.059 0.0592 0.074 0.0809 0.0747 0.0745 0.0754 0.0679 0.0681 0.0724 0.0762 0.0719 0.0727 0.0819 0.0869 0.0796 0.0689 0.0685 0.0727 0.0716 0.08 0.1032 0.1098 0.0866 0.0691 0.0827 0.0798 0.1039 0.1351 0.1256 0.0948 0.1033 0.1012 0.1403 0.1601 0.1398 0.1242 0.1367 0.1793 0.1775 0.1477 0.1821 0.2077 0.1788 0.221 0.213
2.000 -5.000 12 0.0247 0.0393 0.0141 0.0631 0.0291 0.0 0.1145 0.0578 0.0184 0.0141 0.1264 0.0946 0.0469 0.023 0.0355 0.1142 0.1046 0.0753 0.0393 0.0364 0.0517 0.1036 0.0963 0.0877 0.0591 0.0443 0.0456 0.0548 0.0975 0.0927 0.0862 0.0774 0.0655 0.0521 0.0478 0.0519 0.0951 0.0871 0.0851 0.0937 0.0779 0.0551 0.0472 0.102 0.0892 0.1081 0.1145 0.0861 0.059 0.1152 0.1116 0.1384 0.1253 0.0937 0.1364 0.1499 0.1608 0.1316 0.1661 0.1852 0.1717 0.1975 0.2065 0.2194
-3.000 -4.000 18 0.065 0.0632 0.0891 0.0469 0.082 0.1145 0.0 0.0602 0.1062 0.1294 0.0101 0.0251 0.0758 0.1165 0.1377 0.0078 0.0108 0.0372 0.0841 0.1159 0.1362 0.0071 0.0064 0.0161 0.0484 0.0902 0.1168 0.1247 0.0051 0.0067 0.0069 0.0254 0.0664 0.1094 0.1163 0.1162 0.0064 0.01 0.0132 0.0443 0.1032 0.1277 0.1206 0.017 0.0162 0.0287 0.0822 0.136 0.1482 0.0387 0.0318 0.0557 0.1216 0.1639 0.0632 0.0545 0.0993 0.1557 0.0799 0.084 0.1426 0.0927 0.1198 0.1078
-1.000 -4.000 12 0.0386 0.0319 0.0468 0.0371 0.0287 0.0578 0.0602 0.0 0.0451 0.0673 0.0544 0.0335 0.035 0.0611 0.0801 0.0414 0.0373 0.0382 0.0562 0.0711 0.0861 0.0321 0.0322 0.036 0.0514 0.0703 0.0783 0.0805 0.0293 0.0271 0.0312 0.0443 0.0735 0.0874 0.0804 0.0759 0.0293 0.0276 0.0387 0.0717 0.104 0.1018 0.0838 0.0399 0.0403 0.0599 0.111 0.1319 0.1175 0.0598 0.0569 0.0992 0.145 0.1552 0.0837 0.0874 0.1455 0.1742 0.102 0.1339 0.1835 0.1271 0.1783 0.1586
1.000 -4.000 12 0.0406 0.0451 0.0291 0.0648 0.0265 0.0184 0.1062 0.0451 0.0 0.023 0.0995 0.0734 0.0281 0.0181 0.0391 0.0795 0.073 0.0539 0.028 0.0321 0.0489 0.07 0.0662 0.0611 0.0453 0.0372 0.0407 0.0466 0.0649 0.0628 0.0604 0.0595 0.0551 0.0495 0.042 0.0424 0.065 0.0612 0.0645 0.0794 0.0765 0.0558 0.0425 0.076 0.0673 0.0885 0.1064 0.0917 0.0642 0.0941 0.0894 0.1225 0.1266 0.1042 0.1146 0.1284 0.1537 0.1405 0.1419 0.1688 0.1748 0.1732 0.1992 0.2027
3.000 -4.000 18 0.0386 0.057 0.0272 0.0833 0.0423 0.0141 0.1294 0.0673 0.023 0.0 0.1224 0.0934 0.0427 0.017 0.0209 0.0971 0.0879 0.0617 0.0319 0.0244 0.0345 0.0849 0.0777 0.0683 0.0495 0.0344 0.0302 0.0344 0.0775 0.0723 0.067 0.0685 0.0578 0.0363 0.0298 0.0314 0.0746 0.0694 0.0798 0.0897 0.0624 0.0369 0.0282 0.0883 0.0866 0.1112 0.101 0.0642 0.0405 0.1153 0.1206 0.1322 0.1039 0.0707 0.1477 0.1534 0.1422 0.1057 0.1761 0.1747 0.146 0.1951 0.1855 0.2062
-4.000 -3.000 24 0.098 0.0881 0.1188 0.0615 0.0965 0.1264 0.0101 0.0544 0.0995 0.1224 0.0 0.0108 0.0493 0.0907 0.1126 0.0015 0.0016 0.0134 0.0483 0.0786 0.0984 0.0021 0.0009 0.003 0.0201 0.0561 0.0798 0.0851 0.002 0.0026 0.0017 0.0076 0.0382 0.081 0.0878 0.0833 0.0035 0.0067 0.0047 0.0226 0.0749 0.1056 0.1008 0.0119 0.0179 0.0137 0.0541 0.1076 0.132 0.0341 0.0337 0.0357 0.0896 0.1369 0.0656 0.0511 0.0716 0.1236 0.0864 0.075 0.1094 0.0983 0.0995 0.107
-2.000 -3.000 18 0.079 0.0737 0.0877 0.0602 0.0685 0.0946 0.0251 0.0335 0.0734 0.0934 0.0108 0.0 0.0382 0.0736 0.0929 0.0056 0.0057 0.0142 0.0467 0.0719 0.0884 0.0047 0.0042 0.008 0.0271 0.0589 0.0769 0.0797 0.0038 0.0057 0.0054 0.0171 0.0507 0.0825 0.0831 0.077 0.0078 0.0095 0.011 0.0404 0.0867 0.1039 0.092 0.02 0.0166 0.0284 0.0767 0.1198 0.1271 0.0417 0.0296 0.0601 0.1151 0.148 0.0623 0.0558 0.1025 0.1487 0.0775 0.0912 0.1443 0.0941 0.1288 0.1138
0.000 -3.000 12 0.0653 0.0622 0.0585 0.0735 0.0451 0.0469 0.0758 0.035 0.0281 0.0427 0.0493 0.0382 0.0 0.028 0.0481 0.0323 0.0327 0.0221 0.0201 0.0367 0.0511 0.0271 0.0267 0.0278 0.0247 0.0362 0.0451 0.0462 0.0233 0.0239 0.0267 0.0331 0.0458 0.0556 0.0485 0.0427 0.0285 0.0269 0.0351 0.0571 0.0769 0.0702 0.0533 0.0432 0.036 0.0594 0.0929 0.102 0.0864 0.0638 0.0606 0.0958 0.1235 0.124 0.0843 0.0953 0.1361 0.1486 0.1087 0.1386 0.1685 0.1378 0.177 0.1696
2.000 -3.000 18 0.0562 0.0674 0.04 0.0904 0.046 0.023 0.1165 0.0611 0.0181 0.017 0.0907 0.0736 0.028 0.0 0.0244 0.0645 0.062 0.0428 0.0155 0.0148 0.0294 0.0544 0.0514 0.0476 0.0338 0.0214 0.0228 0.026 0.0506 0.0494 0.049 0.0527 0.0446 0.0311 0.024 0.0223 0.0545 0.0525 0.0642 0.0753 0.0578 0.0372 0.0244 0.0727 0.0706 0.0947 0.0936 0.069 0.044 0.1005 0.1021 0.1196 0.1058 0.0802 0.1289 0.1372 0.1394 0.115 0.1574 0.1652 0.1522 0.182 0.1851 0.1979
4.000 -3.000 24 0.0589 0.0786 0.0477 0.1039 0.0611 0.0355 0.1377 0.0801 0.0391 0.0209 0.1126 0.0929 0.0481 0.0244 0.0 0.0827 0.0799 0.0605 0.0338 0.0137 0.0113 0.0708 0.0684 0.0664 0.0518 0.0253 0.0112 0.0111 0.0676 0.0683 0.0719 0.0767 0.05 0.019 0.0098 0.0095 0.0781 0.0806 0.0946 0.086 0.0439 0.0158 0.0094 0.1075 0.1065 0.1135 0.0811 0.0431 0.0192 0.1408 0.1294 0.1164 0.0796 0.0459 0.1618 0.1444 0.1169 0.0792 0.1746 0.1522 0.1184 0.1766 0.1588 0.1802
-5.000 -2.000 30 0.095 0.0885 0.1111 0.0551 0.0888 0.1142 0.0078 0.0414 0.0795 0.0971 0.0015 0.0056 0.0323 0.0645 0.0827 0.0 0.0009 0.006 0.032 0.0585 0.0746 0.0006 0.0009 0.0015 0.0124 0.0455 0.0694 0.0716 0.0006 0.0019 0.0031 0.0051 0.0332 0.0759 0.0851 0.0793 0.002 0.0083 0.0079 0.0176 0.0669 0.105 0.1082 0.0082 0.0253 0.0178 0.0452 0.0977 0.1322 0.028 0.0486 0.038 0.0784 0.1236 0.0643 0.0738 0.0708 0.1115 0.0983 0.0985 0.1054 0.1171 0.1205 0.1286
-3.000 -2.000 24 0.0979 0.0851 0.104 0.0586 0.0773 0.1046 0.0108 0.0373 0.073 0.0879 0.0016 0.0057 0.0327 0.062 0.0799 0.0009 0.0 0.008 0.0353 0.061 0.0758 0.0017 0.0006 0.0018 0.0159 0.0495 0.0712 0.0724 0.0025 0.0034 0.0012 0.0071 0.0384 0.0779 0.0837 0.0771 0.0062 0.0075 0.0048 0.0251 0.0747 0.1065 0.1037 0.0173 0.0151 0.0161 0.0559 0.1075 0.1334 0.0394 0.0301 0.039 0.0917 0.1351 0.0647 0.05 0.0762 0.1251 0.0805 0.0755 0.1147 0.0912 0.1029 0.1038
-1.000 -2.000 18 0.0917 0.0866 0.0892 0.0735 0.0699 0.0753 0.0372 0.0382 0.0539 0.0617 0.0134 0.0142 0.0221 0.0428 0.0605 0.006 0.008 0.0 0.0247 0.0472 0.0599 0.0059 0.0056 0.0069 0.0137 0.0418 0.0581 0.0573 0.0072 0.0084 0.0074 0.0139 0.0395 0.0678 0.0675 0.0597 0.0134 0.0129 0.0146 0.0382 0.0763 0.0927 0.0815 0.0282 0.0212 0.0343 0.0747 0.1099 0.1168 0.0478 0.0373 0.0671 0.1121 0.1374 0.0667 0.0651 0.1087 0.1434 0.0836 0.1038 0.1481 0.1058 0.1416 0.1293
1.000 -2.000 18 0.0801 0.0832 0.0621 0.0967 0.059 0.0393 0.0841 0.0562 0.028 0.0319 0.0483 0.0467 0.0201 0.0155 0.0338 0.032 0.0353 0.0247 0.0 0.0214 0.033 0.0281 0.0284 0.0295 0.0185 0.019 0.0295 0.0291 0.0288 0.0304 0.0312 0.0366 0.0345 0.0385 0.0339 0.0283 0.0376 0.0361 0.0458 0.0593 0.0603 0.0534 0.0398 0.0583 0.0528 0.0725 0.0867 0.0826 0.0697 0.0836 0.0798 0.103 0.109 0.1037 0.1073 0.114 0.1335 0.1283 0.1329 0.1492 0.1562 0.1571 0.1783 0.182
3.000 -2.000 24 0.0696 0.0834 0.0519 0.1053 0.0592 0.0364 0.1159 0.0711 0.0321 0.0244 0.0786 0.0719 0.0367 0.0148 0.0137 0.0585 0.061 0.0472 0.0214 0.0 0.0112 0.0541 0.055 0.0565 0.0415 0.0138 0.0073 0.0085 0.0572 0.0602 0.0638 0.0675 0.0407 0.0149 0.009 0.0071 0.0742 0.0759 0.0878 0.0773 0.0412 0.0196 0.0107 0.1044 0.099 0.1054 0.0786 0.0475 0.0273 0.1333 0.1201 0.113 0.0831 0.0576 0.1512 0.1386 0.1188 0.0899 0.1652 0.1526 0.126 0.1743 0.1631 0.1831
5.000 -2.000 30 0.0781 0.0951 0.0659 0.1165 0.074 0.0517 0.1362 0.0861 0.0489 0.0345 0.0984 0.0884 0.0511 0.0294 0.0113 0.0746 0.0758 0.0599 0.033 0.0112 0.0 0.0699 0.0704 0.0707 0.0513 0.0179 0.0034 0.0015 0.0754 0.0786 0.0816 0.0798 0.0412 0.0095 0.0019 0.0012 0.0979 0.0976 0.1025 0.0776 0.032 0.0081 0.0021 0.1295 0.1151 0.106 0.0675 0.0322 0.0099 0.1503 0.1241 0.1026 0.0656 0.0338 0.159 0.1328 0.1017 0.0632 0.1649 0.1363 0.1011 0.1635 0.1442 0.1641
-6.000 -1.000 36 0.0924 0.0843 0.1053 0.0478 0.0809 0.1036 0.0071 0.0321 0.07 0.0849 0.0021 0.0047 0.0271 0.0544 0.0708 0.0006 0.0017 0.0059 0.0281 0.0541 0.0699 0.0 0.0019 0.0036 0.0121 0.0465 0.075 0.0787 0.0001 0.001 0.0067 0.0086 0.0346 0.0818 0.0971 0.0945 0.0005 0.0073 0.0169 0.0243 0.0694 0.1105 0.1216 0.003 0.0275 0.0345 0.0508 0.0984 0.1366 0.0151 0.0597 0.0608 0.0869 0.1251 0.0446 0.0933 0.098 0.1237 0.0808 0.1235 0.136 0.1056 0.149 0.123
-4.000 -1.000 30 0.0939 0.0846 0.0991 0.0512 0.0747 0.0963 0.0064 0.0322 0.0662 0.0777 0.0009 0.0042 0.0267 0.0514 0.0684 0.0009 0.0006 0.0056 0.0284 0.055 0.0704 0.0019 0.0 0.0012 0.0118 0.048 0.0757 0.0785 0.0025 0.0032 0.0024 0.0053 0.0347 0.0813 0.0947 0.091 0.0054 0.0089 0.0075 0.0203 0.0691 0.1087 0.1167 0.0147 0.024 0.0185 0.0461 0.0985 0.1355 0.0376 0.0457 0.0386 0.0797 0.1237 0.0702 0.0691 0.072 0.1128 0.0958 0.0938 0.107 0.113 0.1154 0.1231
-2.000 -1.000 24 0.0956 0.0863 0.102 0.0608 0.0745 0.0877 0.0161 0.036 0.0611 0.0683 0.003 0.008 0.0278 0.0476 0.0664 0.0015 0.0018 0.0069 0.0295 0.0565 0.0707 0.0036 0.0012 0.0 0.0139 0.0512 0.0762 0.0771 0.0061 0.006 0.0018 0.0063 0.0384 0.0816 0.0912 0.0859 0.0123 0.0095 0.0057 0.0258 0.0742 0.1076 0.1099 0.0251 0.016 0.0189 0.0574 0.1074 0.1362 0.0443 0.0284 0.0445 0.0936 0.1339 0.0626 0.0507 0.0823 0.1263 0.0771 0.0793 0.1204 0.0898 0.1101 0.1037
0.000 -1.000 18 0.1027 0.0965 0.0851 0.0885 0.0754 0.0591 0.0484 0.0514 0.0453 0.0495 0.0201 0.0271 0.0247 0.0338 0.0518 0.0124 0.0159 0.0137 0.0185 0.0415 0.0513 0.0121 0.0118 0.0139 0.0 0.0345 0.0532 0.0513 0.0161 0.0168 0.0155 0.0167 0.0275 0.0587 0.0625 0.0558 0.0266 0.0237 0.0249 0.0366 0.063 0.0809 0.0759 0.0448 0.0346 0.0443 0.0684 0.0936 0.1057 0.0641 0.0526 0.0737 0.1004 0.1214 0.0805 0.0805 0.1095 0.13 0.0988 0.1159 0.142 0.1209 0.1491 0.1454
2.000 -1.000 24 0.0844 0.0956 0.0638 0.1104 0.0679 0.0443 0.0902 0.0703 0.0372 0.0344 0.0561 0.0589 0.0362 0.0214 0.0253 0.0455 0.0495 0.0418 0.019 0.0138 0.0179 0.0465 0.048 0.0512 0.0345 0.0 0.0149 0.0138 0.0535 0.0559 0.0578 0.058 0.0279 0.0178 0.019 0.0148 0.0707 0.0694 0.0727 0.0628 0.038 0.0327 0.0258 0.097 0.0844 0.0858 0.0701 0.0562 0.0487 0.1187 0.1015 0.0983 0.0843 0.0748 0.1325 0.1218 0.1141 0.0992 0.1469 0.1406 0.1295 0.1602 0.1595 0.171
4.000 -1.000 30 0.0784 0.0929 0.0619 0.115 0.0681 0.0456 0.1168 0.0783 0.0407 0.0302 0.0798 0.0769 0.0451 0.0228 0.0112 0.0694 0.0712 0.0581 0.0295 0.0073 0.0034 0.075 0.0757 0.0762 0.0532 0.0149 0.0 0.0019 0.0852 0.0872 0.0881 0.0829 0.0405 0.0079 0.0027 0.0018 0.1062 0.1026 0.101 0.0768 0.0324 0.0103 0.0052 0.1356 0.116 0.1063 0.0683 0.0358 0.0177 0.1508 0.1235 0.1041 0.0688 0.0435 0.1562 0.1333 0.1055 0.0717 0.1619 0.1389 0.1085 0.162 0.1493 0.1675
6.000 -1.000 36 0.0808 0.0952 0.0679 0.1144 0.0724 0.0548 0.1247 0.0805 0.0466 0.0344 0.0851 0.0797 0.0462 0.026 0.0111 0.0716 0.0724 0.0573 0.0291 0.0085 0.0015 0.0787 0.0785 0.0771 0.0513 0.0138 0.0019 0.0 0.0921 0.0933 0.093 0.0841 0.0385 0.0074 0.0007 0.0002 0.1156 0.1095 0.1048 0.0759 0.0307 0.0066 0.0009 0.1444 0.1202 0.1058 0.0666 0.0299 0.0074 0.1566 0.1266 0.1022 0.062 0.027 0.1615 0.134 0.0967 0.0532 0.1662 0.1307 0.0922 0.1573 0.1372 0.1611
-7.000 0.000 42 0.0937 0.0813 0.1035 0.0452 0.0762 0.0975 0.0051 0.0293 0.0649 0.0775 0.002 0.0038 0.0233 0.0506 0.0676 0.0006 0.0025 0.0072 0.0288 0.0572 0.0754 0.0001 0.0025 0.0061 0.0161 0.0535 0.0852 0.0921 0.0 0.0005 0.0094 0.0147 0.0405 0.092 0.113 0.1142 0.0 0.0047 0.0242 0.034 0.0776 0.1214 0.1385 0.0007 0.0227 0.0474 0.0663 0.1097 0.1463 0.0061 0.0532 0.0797 0.1076 0.1424 0.0232 0.0847 0.1185 0.1496 0.0503 0.1099 0.1535 0.0703 0.1283 0.0826
-5.000 0.000 36 0.092 0.0815 0.0969 0.0437 0.0719 0.0927 0.0067 0.0271 0.0628 0.0723 0.0026 0.0057 0.0239 0.0494 0.0683 0.0019 0.0034 0.0084 0.0304 0.0602 0.0786 0.001 0.0032 0.006 0.0168 0.0559 0.0872 0.0933 0.0005 0.0 0.0089 0.0125 0.0402 0.0919 0.1118 0.1121 0.0013 0.0075 0.0205 0.0297 0.0752 0.1186 0.1343 0.0057 0.029 0.0391 0.0586 0.1042 0.1413 0.0214 0.0613 0.0671 0.0948 0.1322 0.0536 0.0954 0.1044 0.1325 0.0897 0.1248 0.1411 0.1121 0.1478 0.1255
-3.000 0.000 30 0.095 0.0807 0.0984 0.0509 0.0727 0.0862 0.0069 0.0312 0.0604 0.067 0.0017 0.0054 0.0267 0.049 0.0719 0.0031 0.0012 0.0074 0.0312 0.0638 0.0816 0.0067 0.0024 0.0018 0.0155 0.0578 0.0881 0.093 0.0094 0.0089 0.0 0.0057 0.0387 0.0909 0.109 0.1082 0.0143 0.01 0.0054 0.021 0.0708 0.1138 0.1275 0.0243 0.0194 0.017 0.0475 0.0975 0.1347 0.0437 0.0381 0.0388 0.0805 0.1233 0.0695 0.0606 0.0719 0.1135 0.087 0.0865 0.1069 0.0992 0.1089 0.1128
-1.000 0.000 24 0.1083 0.0974 0.1003 0.0725 0.0819 0.0774 0.0254 0.0443 0.0595 0.0685 0.0076 0.0171 0.0331 0.0527 0.0767 0.0051 0.0071 0.0139 0.0366 0.0675 0.0798 0.0086 0.0053 0.0063 0.0167 0.058 0.0829 0.0841 0.0147 0.0125 0.0057 0.0 0.0366 0.0841 0.0974 0.094 0.0242 0.016 0.0084 0.0203 0.0674 0.1044 0.113 0.0384 0.0207 0.0201 0.0513 0.0956 0.126 0.0528 0.0316 0.0453 0.0852 0.1227 0.0638 0.0526 0.0816 0.1181 0.0757 0.0829 0.1183 0.0919 0.1136 0.1079
1.000 0.000 24 0.1104 0.1126 0.088 0.1083 0.0869 0.0655 0.0664 0.0735 0.0551 0.0578 0.0382 0.0507 0.0458 0.0446 0.05 0.0332 0.0384 0.0395 0.0345 0.0407 0.0412 0.0346 0.0347 0.0384 0.0275 0.0279 0.0405 0.0385 0.0405 0.0402 0.0387 0.0366 0.0 0.038 0.0466 0.0423 0.0558 0.0488 0.0455 0.0317 0.0326 0.0567 0.0596 0.0758 0.0571 0.0522 0.0462 0.0619 0.0783 0.089 0.0681 0.067 0.0718 0.0869 0.0977 0.0866 0.0911 0.0967 0.11 0.1104 0.1163 0.1237 0.1349 0.1406
3.000 0.000 30 0.0933 0.1084 0.071 0.1284 0.0796 0.0521 0.1094 0.0874 0.0495 0.0363 0.081 0.0825 0.0556 0.0311 0.019 0.0759 0.0779 0.0678 0.0385 0.0149 0.0095 0.0818 0.0813 0.0816 0.0587 0.0178 0.0079 0.0074 0.092 0.0919 0.0909 0.0841 0.038 0.0 0.0103 0.009 0.109 0.1005 0.0952 0.0694 0.0251 0.0159 0.0176 0.1292 0.1058 0.0922 0.0594 0.0351 0.0321 0.1406 0.1113 0.0916 0.0637 0.0514 0.1438 0.1211 0.0964 0.0746 0.1489 0.1289 0.1062 0.1504 0.1409 0.1581
5.000 0.000 36 0.0789 0.094 0.0625 0.1176 0.0689 0.0478 0.1163 0.0804 0.042 0.0298 0.0878 0.0831 0.0485 0.024 0.0098 0.0851 0.0837 0.0675 0.0339 0.009 0.0019 0.0971 0.0947 0.0912 0.0625 0.019 0.0027 0.0007 0.113 0.1118 0.109 0.0974 0.0466 0.0103 0.0 0.0009 0.1324 0.1218 0.1143 0.0836 0.0358 0.0078 0.0027 0.1534 0.1266 0.1096 0.071 0.0325 0.0111 0.1648 0.1329 0.1068 0.0642 0.0319 0.1671 0.1374 0.0998 0.0582 0.1654 0.133 0.0971 0.1557 0.141 0.1598
7.000 0.000 42 0.0805 0.093 0.0657 0.1108 0.0685 0.0519 0.1162 0.0759 0.0424 0.0314 0.0833 0.077 0.0427 0.0223 0.0095 0.0793 0.0771 0.0597 0.0283 0.0071 0.0012 0.0945 0.091 0.0859 0.0558 0.0148 0.0018 0.0002 0.1142 0.1121 0.1082 0.094 0.0423 0.009 0.0009 0.0 0.1367 0.1246 0.116 0.0834 0.0358 0.0076 0.0006 0.1598 0.1312 0.113 0.0724 0.0308 0.0059 0.1719 0.1382 0.1071 0.06 0.0218 0.1734 0.1377 0.0916 0.0442 0.1636 0.1239 0.0856 0.1494 0.1325 0.1558
-6.000 1.000 36 0.0972 0.0812 0.0999 0.0441 0.0727 0.0951 0.0064 0.0293 0.065 0.0746 0.0035 0.0078 0.0285 0.0545 0.0781 0.002 0.0062 0.0134 0.0376 0.0742 0.0979 0.0005 0.0054 0.0123 0.0266 0.0707 0.1062 0.1156 0.0 0.0013 0.0143 0.0242 0.0558 0.109 0.1324 0.1367 0.0 0.0057 0.0324 0.0461 0.0914 0.1374 0.1582 0.001 0.0241 0.056 0.0794 0.1245 0.1618 0.0073 0.0549 0.0867 0.121 0.1572 0.0267 0.0855 0.1246 0.162 0.0533 0.1089 0.1557 0.0729 0.1245 0.0832
-4.000 1.000 30 0.0933 0.0817 0.0977 0.0505 0.0716 0.0871 0.01 0.0276 0.0612 0.0694 0.0067 0.0095 0.0269 0.0525 0.0806 0.0083 0.0075 0.0129 0.0361 0.0759 0.0976 0.0073 0.0089 0.0095 0.0237 0.0694 0.1026 0.1095 0.0047 0.0075 0.01 0.016 0.0488 0.1005 0.1218 0.1246 0.0057 0.0 0.0194 0.0314 0.0777 0.1229 0.1422 0.0097 0.0218 0.0378 0.0606 0.1065 0.1436 0.0254 0.0531 0.0651 0.0976 0.1342 0.0556 0.0843 0.101 0.1338 0.0847 0.114 0.1361 0.1056 0.136 0.117
-2.000 1.000 24 0.1031 0.0888 0.1059 0.0557 0.08 0.0851 0.0132 0.0387 0.0645 0.0798 0.0047 0.011 0.0351 0.0642 0.0946 0.0079 0.0048 0.0146 0.0458 0.0878 0.1025 0.0169 0.0075 0.0057 0.0249 0.0727 0.101 0.1048 0.0242 0.0205 0.0054 0.0084 0.0455 0.0952 0.1143 0.116 0.0324 0.0194 0.0 0.0201 0.0704 0.1147 0.1321 0.0406 0.0169 0.0122 0.0446 0.0938 0.1309 0.0489 0.0279 0.0346 0.0767 0.1164 0.0602 0.0494 0.068 0.1104 0.0743 0.0746 0.103 0.0855 0.1002 0.0972
0.000 1.000 18 0.1318 0.1212 0.1154 0.0992 0.1032 0.0937 0.0443 0.0717 0.0794 0.0897 0.0226 0.0404 0.0571 0.0753 0.086 0.0176 0.0251 0.0382 0.0593 0.0773 0.0776 0.0243 0.0203 0.0258 0.0366 0.0628 0.0768 0.0759 0.034 0.0297 0.021 0.0203 0.0317 0.0694 0.0836 0.0834 0.0461 0.0314 0.0201 0.0 0.0462 0.0846 0.0979 0.0609 0.0333 0.02 0.0295 0.0702 0.102 0.0685 0.0382 0.0362 0.0623 0.0935 0.0706 0.0536 0.0678 0.0926 0.0774 0.079 0.1003 0.0901 0.1065 0.107
2.000 1.000 24 0.1274 0.1391 0.102 0.1429 0.1098 0.0779 0.1032 0.104 0.0765 0.0624 0.0749 0.0867 0.0769 0.0578 0.0439 0.0669 0.0747 0.0763 0.0603 0.0412 0.032 0.0694 0.0691 0.0742 0.063 0.038 0.0324 0.0307 0.0776 0.0752 0.0708 0.0674 0.0326 0.0251 0.0358 0.0358 0.0914 0.0777 0.0704 0.0462 0.0 0.0351 0.0463 0.1082 0.0794 0.0639 0.0319 0.0295 0.0531 0.1149 0.0824 0.0627 0.0435 0.054 0.1144 0.0903 0.0719 0.0642 0.1178 0.0998 0.0884 0.1206 0.1173 0.1278
4.000 1.000 30 0.0955 0.1158 0.0736 0.1423 0.0866 0.0551 0.1277 0.1018 0.0558 0.0369 0.1056 0.1039 0.0702 0.0372 0.0158 0.105 0.1065 0.0927 0.0534 0.0196 0.0081 0.1105 0.1087 0.1076 0.0809 0.0327 0.0103 0.0066 0.1214 0.1186 0.1138 0.1044 0.0567 0.0159 0.0078 0.0076 0.1374 0.1229 0.1147 0.0846 0.0351 0.0 0.0111 0.154 0.1231 0.1048 0.0645 0.0242 0.0153 0.1593 0.1241 0.0952 0.0541 0.0298 0.1578 0.1254 0.0871 0.0526 0.1518 0.1199 0.0895 0.1416 0.1299 0.147
6.000 1.000 36 0.0794 0.0951 0.062 0.12 0.0691 0.0472 0.1206 0.0838 0.0425 0.0282 0.1008 0.092 0.0533 0.0244 0.0094 0.1082 0.1037 0.0815 0.0398 0.0107 0.0021 0.1216 0.1167 0.1099 0.0759 0.0258 0.0052 0.0009 0.1385 0.1343 0.1275 0.113 0.0596 0.0176 0.0027 0.0006 0.1582 0.1422 0.1321 0.0979 0.0463 0.0111 0.0 0.1764 0.1435 0.123 0.0794 0.0341 0.0065 0.1816 0.144 0.1097 0.0611 0.0229 0.1783 0.1395 0.0923 0.0465 0.1628 0.124 0.0881 0.1465 0.135 0.1536
-5.000 2.000 30 0.1022 0.0901 0.1099 0.052 0.0827 0.102 0.017 0.0399 0.076 0.0883 0.0119 0.02 0.0432 0.0727 0.1075 0.0082 0.0173 0.0282 0.0583 0.1044 0.1295 0.003 0.0147 0.0251 0.0448 0.097 0.1356 0.1444 0.0007 0.0057 0.0243 0.0384 0.0758 0.1292 0.1534 0.1598 0.001 0.0097 0.0406 0.0609 0.1082 0.154 0.1764 0.0 0.0254 0.0653 0.0931 0.1411 0.1794 0.0076 0.0535 0.0913 0.1316 0.1718 0.0279 0.0799 0.1226 0.1661 0.0534 0.1034 0.1509 0.0736 0.1171 0.0828
-3.000 2.000 24 0.1031 0.0879 0.1063 0.0559 0.0798 0.0892 0.0162 0.0403 0.0673 0.0866 0.0179 0.0166 0.036 0.0706 0.1065 0.0253 0.0151 0.0212 0.0528 0.099 0.1151 0.0275 0.024 0.016 0.0346 0.0844 0.116 0.1202 0.0227 0.029 0.0194 0.0207 0.0571 0.1058 0.1266 0.1312 0.0241 0.0218 0.0169 0.0333 0.0794 0.1231 0.1435 0.0254 0.0 0.0279 0.0561 0.1045 0.142 0.0259 0.0297 0.0524 0.0916 0.131 0.0422 0.0595 0.0858 0.1252 0.063 0.0866 0.1172 0.0784 0.1087 0.0904
-1.000 2.000 18 0.1307 0.1129 0.1248 0.0785 0.1039 0.1081 0.0287 0.0599 0.0885 0.1112 0.0137 0.0284 0.0594 0.0947 0.1135 0.0178 0.0161 0.0343 0.0725 0.1054 0.106 0.0345 0.0185 0.0189 0.0443 0.0858 0.1063 0.1058 0.0474 0.0391 0.017 0.0201 0.0522 0.0922 0.1096 0.113 0.056 0.0378 0.0122 0.02 0.0639 0.1048 0.123 0.0653 0.0279 0.0 0.0362 0.0846 0.1203 0.0613 0.0225 0.023 0.0659 0.1052 0.0556 0.0363 0.0559 0.0963 0.0597 0.0604 0.0896 0.0717 0.0856 0.0828
1.000 2.000 18 0.1606 0.1574 0.1382 0.1369 0.1351 0.1145 0.0822 0.111 0.1064 0.101 0.0541 0.0767 0.0929 0.0936 0.0811 0.0452 0.0559 0.0747 0.0867 0.0786 0.0675 0.0508 0.0461 0.0574 0.0684 0.0701 0.0683 0.0666 0.0663 0.0586 0.0475 0.0513 0.0462 0.0594 0.071 0.0724 0.0794 0.0606 0.0446 0.0295 0.0319 0.0645 0.0794 0.0931 0.0561 0.0362 0.0 0.0435 0.0758 0.0932 0.0548 0.0305 0.0321 0.0633 0.0863 0.058 0.0467 0.0616 0.0837 0.0691 0.0737 0.086 0.0904 0.0965
3.000 2.000 24 0.1381 0.1583 0.1108 0.1716 0.1256 0.0861 0.136 0.1319 0.0917 0.0642 0.1076 0.1198 0.102 0.069 0.0431 0.0977 0.1075 0.1099 0.0826 0.0475 0.0322 0.0984 0.0985 0.1074 0.0936 0.0562 0.0358 0.0299 0.1097 0.1042 0.0975 0.0956 0.0619 0.0351 0.0325 0.0308 0.1245 0.1065 0.0938 0.0702 0.0295 0.0242 0.0341 0.1411 0.1045 0.0846 0.0435 0.0 0.0298 0.1416 0.1026 0.0707 0.0287 0.0234 0.1329 0.0981 0.0616 0.0361 0.1242 0.0923 0.0691 0.1144 0.1048 0.1214
5.000 2.000 30 0.0992 0.1244 0.0778 0.1564 0.0948 0.059 0.1482 0.1175 0.0642 0.0405 0.132 0.1271 0.0864 0.044 0.0192 0.1322 0.1334 0.1168 0.0697 0.0273 0.0099 0.1366 0.1355 0.1362 0.1057 0.0487 0.0177 0.0074 0.1463 0.1413 0.1347 0.126 0.0783 0.0321 0.0111 0.0059 0.1618 0.1436 0.1309 0.102 0.0531 0.0153 0.0065 0.1794 0.142 0.1203 0.0758 0.0298 0.0 0.1784 0.1376 0.1009 0.0517 0.0157 0.1656 0.1259 0.0808 0.0394 0.1488 0.1134 0.0825 0.1364 0.1283 0.1453
-4.000 3.000 24 0.1237 0.1098 0.13 0.0773 0.1033 0.1152 0.0387 0.0598 0.0941 0.1153 0.0341 0.0417 0.0638 0.1005 0.1408 0.028 0.0394 0.0478 0.0836 0.1333 0.1503 0.0151 0.0376 0.0443 0.0641 0.1187 0.1508 0.1566 0.0061 0.0214 0.0437 0.0528 0.089 0.1406 0.1648 0.1719 0.0073 0.0254 0.0489 0.0685 0.1149 0.1593 0.1816 0.0076 0.0259 0.0613 0.0932 0.1416 0.1784 0.0 0.0422 0.0819 0.1248 0.1669 0.0201 0.0629 0.1059 0.1525 0.0439 0.081 0.1276 0.06 0.0946 0.0696
-2.000 3.000 18 0.1242 0.1055 0.1256 0.0679 0.1012 0.1116 0.0318 0.0569 0.0894 0.1206 0.0337 0.0296 0.0606 0.1021 0.1294 0.0486 0.0301 0.0373 0.0798 0.1201 0.1241 0.0597 0.0457 0.0284 0.0526 0.1015 0.1235 0.1266 0.0532 0.0613 0.0381 0.0316 0.0681 0.1113 0.1329 0.1382 0.0549 0.0531 0.0279 0.0382 0.0824 0.1241 0.144 0.0535 0.0297 0.0225 0.0548 0.1026 0.1376 0.0422 0.0 0.0363 0.0817 0.1236 0.0289 0.0294 0.0643 0.1095 0.0363 0.0559 0.0932 0.0496 0.0783 0.0615
0.000 3.000 12 0.1699 0.1513 0.1566 0.1164 0.1403 0.1384 0.0557 0.0992 0.1225 0.1322 0.0357 0.0601 0.0958 0.1196 0.1164 0.038 0.039 0.0671 0.103 0.113 0.1026 0.0608 0.0386 0.0445 0.0737 0.0983 0.1041 0.1022 0.0797 0.0671 0.0388 0.0453 0.067 0.0916 0.1068 0.1071 0.0867 0.0651 0.0346 0.0362 0.0627 0.0952 0.1097 0.0913 0.0524 0.023 0.0305 0.0707 0.1009 0.0819 0.0363 0.0 0.0467 0.0854 0.063 0.0283 0.0315 0.0725 0.0534 0.0407 0.0645 0.0547 0.0642 0.065
2.000 3.000 18 0.1804 0.1886 0.1526 0.1762 0.1601 0.1253 0.1216 0.145 0.1266 0.1039 0.0896 0.1151 0.1235 0.1058 0.0796 0.0784 0.0917 0.1121 0.109 0.0831 0.0656 0.0869 0.0797 0.0936 0.1004 0.0843 0.0688 0.062 0.1076 0.0948 0.0805 0.0852 0.0718 0.0637 0.0642 0.06 0.121 0.0976 0.0767 0.0623 0.0435 0.0541 0.0611 0.1316 0.0916 0.0659 0.0321 0.0287 0.0517 0.1248 0.0817 0.0467 0.0 0.0361 0.107 0.0697 0.0326 0.0296 0.0906 0.062 0.0476 0.0807 0.0765 0.0868
4.000 3.000 24 0.146 0.1736 0.1179 0.1946 0.1398 0.0937 0.1639 0.1552 0.1042 0.0707 0.1369 0.148 0.124 0.0802 0.0459 0.1236 0.1351 0.1374 0.1037 0.0576 0.0338 0.1251 0.1237 0.1339 0.1214 0.0748 0.0435 0.027 0.1424 0.1322 0.1233 0.1227 0.0869 0.0514 0.0319 0.0218 0.1572 0.1342 0.1164 0.0935 0.054 0.0298 0.0229 0.1718 0.131 0.1052 0.0633 0.0234 0.0157 0.1669 0.1236 0.0854 0.0361 0.0 0.1477 0.1082 0.065 0.0255 0.1267 0.0969 0.0697 0.1227 0.1111 0.1297
-3.000 4.000 18 0.1476 0.1302 0.1501 0.0976 0.1242 0.1364 0.0632 0.0837 0.1146 0.1477 0.0656 0.0623 0.0843 0.1289 0.1618 0.0643 0.0647 0.0667 0.1073 0.1512 0.159 0.0446 0.0702 0.0626 0.0805 0.1325 0.1562 0.1615 0.0232 0.0536 0.0695 0.0638 0.0977 0.1438 0.1671 0.1734 0.0267 0.0556 0.0602 0.0706 0.1144 0.1578 0.1783 0.0279 0.0422 0.0556 0.0863 0.1329 0.1656 0.0201 0.0289 0.063 0.107 0.1477 0.0 0.0363 0.0778 0.1253 0.0217 0.0508 0.0945 0.0364 0.0636 0.0442
-1.000 4.000 12 0.1632 0.1394 0.1612 0.1001 0.1367 0.1499 0.0545 0.0874 0.1284 0.1534 0.0511 0.0558 0.0953 0.1372 0.1444 0.0738 0.05 0.0651 0.114 0.1386 0.1328 0.0933 0.0691 0.0507 0.0805 0.1218 0.1333 0.134 0.0847 0.0954 0.0606 0.0526 0.0866 0.1211 0.1374 0.1377 0.0855 0.0843 0.0494 0.0536 0.0903 0.1254 0.1395 0.0799 0.0595 0.0363 0.058 0.0981 0.1259 0.0629 0.0294 0.0283 0.0697 0.1082 0.0363 0.0 0.0407 0.0886 0.0223 0.0258 0.0653 0.0269 0.0485 0.0376
1.000 4.000 12 0.2066 0.1965 0.1853 0.1615 0.1793 0.1608 0.0993 0.1455 0.1537 0.1422 0.0716 0.1025 0.1361 0.1394 0.1169 0.0708 0.0762 0.1087 0.1335 0.1188 0.1017 0.098 0.072 0.0823 0.1095 0.1141 0.1055 0.0967 0.1185 0.1044 0.0719 0.0816 0.0911 0.0964 0.0998 0.0916 0.1246 0.101 0.068 0.0678 0.0719 0.0871 0.0923 0.1226 0.0858 0.0559 0.0467 0.0616 0.0808 0.1059 0.0643 0.0315 0.0326 0.065 0.0778 0.0407 0.0 0.0476 0.056 0.028 0.0348 0.0455 0.0444 0.0505
3.000 4.000 18 0.1924 0.2104 0.1604 0.2084 0.1775 0.1316 0.1557 0.1742 0.1405 0.1057 0.1236 0.1487 0.1486 0.115 0.0792 0.1115 0.1251 0.1434 0.1283 0.0899 0.0632 0.1237 0.1128 0.1263 0.13 0.0992 0.0717 0.0532 0.1496 0.1325 0.1135 0.1181 0.0967 0.0746 0.0582 0.0442 0.162 0.1338 0.1104 0.0926 0.0642 0.0526 0.0465 0.1661 0.1252 0.0963 0.0616 0.0361 0.0394 0.1525 0.1095 0.0725 0.0296 0.0255 0.1253 0.0886 0.0476 0.0 0.1028 0.0762 0.0429 0.0954 0.0799 0.0906
-2.000 5.000 12 0.1712 0.1502 0.1746 0.112 0.1477 0.1661 0.0799 0.102 0.1419 0.1761 0.0864 0.0775 0.1087 0.1574 0.1746 0.0983 0.0805 0.0836 0.1329 0.1652 0.1649 0.0808 0.0958 0.0771 0.0988 0.1469 0.1619 0.1662 0.0503 0.0897 0.087 0.0757 0.11 0.1489 0.1654 0.1636 0.0533 0.0847 0.0743 0.0774 0.1178 0.1518 0.1628 0.0534 0.063 0.0597 0.0837 0.1242 0.1488 0.0439 0.0363 0.0534 0.0906 0.1267 0.0217 0.0223 0.056 0.1028 0.0 0.0269 0.0684 0.0144 0.0383 0.0224
0.000 5.000 6 0.2121 0.1869 0.2019 0.1434 0.1821 0.1852 0.084 0.1339 0.1688 0.1747 0.075 0.0912 0.1386 0.1652 0.1522 0.0985 0.0755 0.1038 0.1492 0.1526 0.1363 0.1235 0.0938 0.0793 0.1159 0.1406 0.1389 0.1307 0.1099 0.1248 0.0865 0.0829 0.1104 0.1289 0.133 0.1239 0.1089 0.114 0.0746 0.079 0.0998 0.1199 0.124 0.1034 0.0866 0.0604 0.0691 0.0923 0.1134 0.081 0.0559 0.0407 0.062 0.0969 0.0508 0.0258 0.028 0.0762 0.0269 0.0 0.0444 0.0165 0.0242 0.0215
2.000 5.000 12 0.2304 0.2329 0.2015 0.2063 0.2077 0.1717 0.1426 0.1835 0.1748 0.146 0.1094 0.1443 0.1685 0.1522 0.1184 0.1054 0.1147 0.1481 0.1562 0.126 0.1011 0.136 0.107 0.1204 0.142 0.1295 0.1085 0.0922 0.1535 0.1411 0.1069 0.1183 0.1163 0.1062 0.0971 0.0856 0.1557 0.1361 0.103 0.1003 0.0884 0.0895 0.0881 0.1509 0.1172 0.0896 0.0737 0.0691 0.0825 0.1276 0.0932 0.0645 0.0476 0.0697 0.0945 0.0653 0.0348 0.0429 0.0684 0.0444 0.0 0.0548 0.0323 0.0412
-1.000 6.000 6 0.2059 0.1792 0.2053 0.1351 0.1788 0.1975 0.0927 0.1271 0.1732 0.1951 0.0983 0.0941 0.1378 0.182 0.1766 0.1171 0.0912 0.1058 0.1571 0.1743 0.1635 0.1056 0.113 0.0898 0.1209 0.1602 0.162 0.1573 0.0703 0.1121 0.0992 0.0919 0.1237 0.1504 0.1557 0.1494 0.0729 0.1056 0.0855 0.0901 0.1206 0.1416 0.1465 0.0736 0.0784 0.0717 0.086 0.1144 0.1364 0.06 0.0496 0.0547 0.0807 0.1227 0.0364 0.0269 0.0455 0.0954 0.0144 0.0165 0.0548 0.0 0.0215 0.0082
1.000 6.000 6 0.25 0.2321 0.2309 0.1856 0.221 0.2065 0.1198 0.1783 0.1992 0.1855 0.0995 0.1288 0.177 0.1851 0.1588 0.1205 0.1029 0.1416 0.1783 0.1631 0.1442 0.149 0.1154 0.1101 0.1491 0.1595 0.1493 0.1372 0.1283 0.1478 0.1089 0.1136 0.1349 0.1409 0.141 0.1325 0.1245 0.136 0.1002 0.1065 0.1173 0.1299 0.135 0.1171 0.1087 0.0856 0.0904 0.1048 0.1283 0.0946 0.0783 0.0642 0.0765 0.1111 0.0636 0.0485 0.0444 0.0799 0.0383 0.0242 0.0323 0.0215 0.0 0.0101
0.000 7.000 0 0.2438 0.2124 0.2359 0.1626 0.213 0.2194 0.1078 0.1586 0.2027 0.2062 0.107 0.1138 0.1696 0.1979 0.1802 0.1286 0.1038 0.1293 0.182 0.1831 0.1641 0.123 0.1231 0.1037 0.1454 0.171 0.1675 0.1611 0.0826 0.1255 0.1128 0.1079 0.1406 0.1581 0.1598 0.1558 0.0832 0.117 0.0972 0.107 0.1278 0.147 0.1536 0.0828 0.0904 0.0828 0.0965 0.1214 0.1453 0.0696 0.0615 0.065 0.0868 0.1297 0.0442 0.0376 0.0505 0.0906 0.0224 0.0215 0.0412 0.0082 0.0101 0.0